,ProductRelated,ProductRelated_Duration,BounceRates,ExitRates,Month,OperatingSystems,Revenue
0,22.0,1854.7351879034634,0.0107112302318935,0.0003582508020438787,Mar,1,0
1,535.0,11336.267677074678,0.005277327115765721,0.002137294735407093,Jul,8,0
2,54.0,9819.224936812065,0.05122818774571648,0.025310345119574917,Jul,8,1
3,41.0,2158.7512659011813,0.02812371844692413,0.07131559614695882,Jul,8,1
4,0.0,1370.0470955355772,0.016445531955331556,0.025628671224726236,Nov,2,0
5,118.0,2733.3488111661977,0.0020634476068903704,0.19354473583377887,May,2,0
6,700.0,6057.407278694193,0.07292881478629154,0.10014753019562438,Mar,7,1
7,4.0,894.5694315414127,0.011773222767134713,0.04969861063458427,Nov,2,0
8,26.0,1691.6446583656073,0.012799258955366065,0.016462741833436125,Aug,1,1
9,264.0,5397.725420493529,0.15397468340379183,0.16736776110839804,Sep,5,0
10,284.0,1342.6817008080693,0.13683203994906565,0.14690250429861568,May,8,1
11,112.0,34009.083352286485,0.1908940061130645,0.11648313606664856,Jul,4,1
12,127.0,39657.21191588301,0.18091366228573874,0.13863397633937946,Sep,1,0
13,68.0,2736.107029375173,0.00038377421728362564,0.0706358798766859,Feb,7,1
14,692.0,24438.45010020354,0.12548390161795892,0.1393514474007408,Oct,2,0
15,195.0,16753.781160763425,0.058829445148004,0.14855350982439255,Feb,4,0
16,105.0,36761.108796573695,0.1474122798330008,0.13884560105854685,Mar,1,0
17,663.0,20311.124564289174,0.01410412598192369,0.04219131662602407,June,8,0
18,588.0,13893.161237539005,0.18031208291496764,0.16699032793388222,Dec,7,1
19,372.0,24807.36280267491,0.12439284985115795,0.03483689901081908,Mar,5,1
20,545.0,5454.980248216725,0.09211511286496459,0.06453531638933044,Nov,4,0
21,365.0,23392.56964325907,0.01388745663618234,0.013150605215536768,Nov,4,1
22,159.0,30808.64281634022,0.04603462663440103,0.035371801167099134,Oct,7,0
23,317.0,8744.068465276869,0.16076921152572088,0.12603348633825465,Dec,6,0
24,5.0,40201.571594851564,0.0924213737340949,0.05214102061267342,Nov,1,0
25,484.0,30542.81624124443,0.03157275432614888,0.10171655378515623,Mar,2,0
26,361.0,40422.90320175965,0.04107936291376946,0.16677826089015876,Jul,3,1
27,81.0,2089.817942016039,0.0056177071686878905,0.009689378786045583,Mar,1,0
28,443.0,14097.674629554673,0.13213852878054086,0.019598730928453087,Jul,6,0
29,615.0,40193.97916939601,0.08924634243757935,0.05737984174604943,June,2,0
30,342.0,18767.772974226704,0.1630330742308529,0.09446038874646168,Nov,4,1
31,104.0,32405.58161582635,0.17582868966422874,0.1398211134586306,June,8,0
32,342.0,41059.34757290491,0.1925692958649156,0.11842336662891531,Nov,2,1
33,38.0,2494.652784123832,0.0002991442746926939,0.014154742995649396,May,1,1
34,9.0,323.4587844763914,0.020403630913123853,0.038525839475314516,Aug,2,0
35,653.0,32884.685206949114,0.17020714275572807,0.14277969872902896,Feb,5,0
36,417.0,37314.63428157975,0.05782344431941593,0.005144602172019078,Oct,1,0
37,97.0,27703.195132882058,0.0922481125619778,0.16080162723204897,Nov,2,1
38,582.0,3294.934415353487,0.1791823415393042,0.05222667703712506,Nov,2,0
39,399.0,10620.12290555073,0.11016244223668384,0.09217400182373499,Dec,6,1
40,189.0,18906.778857308895,0.1450446723639286,0.10563417736531415,Mar,1,0
41,678.0,11019.598208020223,0.051675318651936704,0.031064149502884292,May,4,1
42,466.0,9271.57502908357,0.08870238202877372,0.19654354085874415,Aug,3,0
43,428.0,8400.965541610021,0.07362696165065001,0.10829980610757714,June,8,0
44,639.0,33742.12795957693,0.06633533726598276,0.017128568463046036,May,2,1
45,429.0,199.7706028856694,0.06123286295073345,0.04744918533890674,Nov,7,0
46,27.0,22810.866622687932,0.19379115101330086,0.1934617009151354,June,2,0
47,700.0,25434.510734413627,0.16345791459773368,0.0664958053040956,Aug,4,1
48,621.0,37760.22466553009,0.0820232590558642,0.051685872749766604,Feb,5,0
49,0.0,125.26646839101325,0.19632297119705255,0.19188743877063502,Nov,3,0
50,474.0,17393.04862127295,0.1812139968043413,0.14652918731328976,Jul,3,1
51,307.0,19206.543680741634,0.018266299972587142,0.0026987051434834547,Nov,4,0
52,471.0,9295.959283797878,0.1353283809731288,0.06892027155269068,Sep,4,0
53,4.0,946.8122323634238,0.008307286771724527,0.10273455239065986,Mar,3,0
54,70.0,1934.65444515774,0.005589992268118732,0.022279921938339567,May,2,0
55,43.0,669.4527380575884,0.0023292654506265145,0.06824858488785229,Mar,1,0
56,67.0,30155.654212173566,0.04141534264906733,0.1495434219007623,Mar,2,0
57,66.0,1114.0845861571784,0.004914811347074085,0.007664938491964455,Mar,2,0
58,30.0,2867.8750636298655,0.016925839876480785,0.029473045263635644,Sep,2,0
59,98.0,5379.5494591207,0.09346856904901842,0.06280016861134134,Nov,3,0
60,638.0,9517.281161746767,0.009455757090694274,0.11951176626929609,Sep,5,0
61,243.0,25695.16586718667,0.05631316225489175,0.011167086510277174,Aug,3,0
62,405.0,29646.680187848633,0.05851349242877208,0.010694720816231549,June,1,0
63,45.0,1108.059338904378,0.19472183050761271,0.0792357097061126,June,1,0
64,3.0,34660.36425237199,0.19524821132887002,0.19003853251139396,May,2,0
65,73.0,1815.8789498023389,0.005680335211630654,0.025983194176283503,May,3,0
66,75.0,3821.1592127865833,0.010205872052842598,0.001325068147789099,May,3,0
67,7.0,603.9218679416017,0.00821901127384113,0.005963731863428058,Mar,1,1
68,342.0,5330.449126256282,0.19959935330910264,0.10236815013291956,May,6,1
69,470.0,6233.596267214373,0.09939157319971964,0.14741467785344115,Nov,7,0
70,517.0,9643.953570905665,0.12413235816036707,0.07228337916797982,June,6,1
71,194.0,6439.836986706692,0.0023567100743770776,0.0595676017040925,Aug,2,0
72,127.0,2402.7464439859946,0.010089390026835237,0.047980251447918995,Aug,4,1
73,45.0,1498.0131149666013,0.007836811135545798,0.07259680082849397,Oct,2,0
74,11.0,164.8258711735594,0.011830889243825655,0.07004195082994133,May,2,0
75,452.0,24107.57602502372,0.0908389380224682,0.05243324782863864,Nov,7,0
76,566.0,7145.76738899953,0.07439592787776284,0.031134685504107164,Aug,7,0
77,252.0,14395.190182166027,0.02729287380576712,0.07857696460232484,Feb,8,1
78,361.0,11489.919814545534,0.10000135510188558,0.10465951912850502,Jul,5,1
79,310.0,7942.48104221247,0.09518971627727062,0.029986405369450346,Aug,2,0
80,224.0,23301.610609014177,0.017129797628206992,0.07156095194852474,Oct,1,0
81,192.0,12285.739431063868,0.12271060935501117,0.1678854419919127,Dec,3,1
82,16.0,2167.1528436995363,0.1939793205107227,0.1902112640455977,Dec,3,0
83,41.0,40626.78402454044,0.17408169738062784,0.008688102780272525,Nov,3,0
84,74.0,2316.8212799178364,0.002516659978228833,0.00844521023902662,Mar,2,1
85,21.0,1945.8293392515168,0.0603446320999357,0.08471269616502305,Dec,4,0
86,19.0,18103.278951796674,0.150510799424224,0.1823046278981601,Oct,3,0
87,328.0,11364.835159263408,0.07595464468977961,0.009473045784219713,Jul,3,1
88,27.0,115.0155956815777,0.026318496555192715,0.04487678997542768,Nov,1,0
89,1.0,443.4591617801661,0.18805256007578325,0.19866028138634398,Dec,2,0
90,179.0,11663.849111820853,0.0564030593051507,0.11127759434014688,Feb,1,0
91,15.0,1102.791606060344,0.19056935769518984,0.17395292473436125,Nov,3,0
92,20.0,494.7308202181376,0.001960263468557136,0.025191402309711515,May,2,0
93,527.0,9144.733087523773,0.12574368950289574,0.1597737509896018,Sep,8,0
94,115.0,17541.795332000518,0.07243119105122857,0.13569570802694259,Jul,7,1
95,250.0,540.3899479512293,0.12366171517852631,0.027485362811337205,Nov,2,0
96,4.0,11170.820000059397,0.09384894308111012,0.15337795969297255,Dec,2,1
97,30.0,290.5856594088412,0.0022430878458860096,0.0023598894123217536,Dec,3,0
98,522.0,29206.491736985256,0.12200413168797995,0.058382699144376646,June,3,0
99,178.0,26448.73807210617,0.09961194882071768,0.05204936877852844,Sep,3,0
100,1.0,2860.443315086341,0.005221649090135817,0.025378264344214155,Mar,1,0
101,37.0,628.9002854738262,0.011996998999087767,0.01107818388513495,Nov,3,1
102,226.0,34743.92726221515,0.10787955500392071,0.011864681908352399,Oct,7,1
103,164.0,11604.487701779852,0.1785565054327773,0.055187742616801615,Dec,1,0
104,33.0,622.1598983490942,0.00010873376624698672,0.038196228259716136,Oct,3,0
105,388.0,185.28879844964177,0.16758214652924186,0.08871952532122138,May,3,1
106,129.0,32887.74253608179,0.19766052627126388,0.111373981045915,Jul,7,1
107,490.0,11519.718107495639,0.03819529516100941,0.1588288153572655,May,8,0
108,58.0,382.6957076521867,0.0021876104816062475,0.02461354027523642,Nov,3,0
109,374.0,15969.548168260191,0.08365714969025739,0.08476288529945061,Jul,3,0
110,19.0,2510.932512873342,0.007428718063655209,0.008327520701153166,May,2,0
111,253.0,30300.41439109212,0.07292310395799323,0.043604504979337905,May,1,0
112,228.0,9152.953531058429,0.010738046469552785,0.048116037026656684,Sep,6,0
113,64.0,38396.64524582947,0.07115358174399913,0.053087732384727734,Oct,2,0
114,31.0,11917.485601537424,0.08047815399479631,0.11009949335178415,Feb,6,0
115,525.0,36362.5611640458,0.18169174933056567,0.11001567699695217,Dec,1,0
116,40.0,1843.3036393403606,0.014433612403068036,0.06536362513042489,May,4,0
117,12.0,12432.968501575047,0.17768459826238245,0.00700302475047919,June,3,1
118,472.0,10199.068040540504,0.1287989723696754,0.11409535344880715,Dec,7,1
119,704.0,29011.72260039134,0.13375992042230297,0.1850003934941797,May,7,1
120,8.0,2462.675636373106,0.020530319220703724,0.03972817867234,Jul,1,0
121,91.0,30452.05373409163,0.02052476667217864,0.15965520796674648,Dec,2,0
122,140.0,31416.164140214354,0.10858331745954325,0.09246568899727285,Sep,1,0
123,170.0,5639.145126097448,0.061266564786527256,0.015543658885893975,Feb,7,1
124,95.0,2174.058784592472,0.05092151009126199,0.03673467331407789,Mar,4,0
125,661.0,25927.795647421433,0.10514126217097367,0.001171837161644575,May,7,1
126,621.0,21532.512813628782,0.002090292207187556,0.12914520968089135,Sep,7,0
127,582.0,36621.791789093186,0.12133200772086454,0.005251712792523358,Oct,3,0
128,76.0,12228.899659477664,0.14915381761854457,0.17890163816605353,June,1,1
129,562.0,39418.64340293586,0.013269361714167463,0.005580197501541626,Feb,1,0
130,393.0,2812.3106800333526,0.14219476495179698,0.014371775123405746,Nov,8,1
131,289.0,4337.470527420242,0.0925267219016076,0.1310664707577902,Sep,3,0
132,684.0,24183.699351359424,0.12637828557710312,0.19905579579313715,Sep,4,0
133,147.0,24468.712885596775,0.019415711975831362,0.06768475614580008,Jul,2,0
134,192.0,24004.557971112998,0.18345133710583794,0.09470507136651234,Sep,7,0
135,261.0,35684.1436438638,0.10348250382952812,0.06506164620399037,Dec,3,0
136,362.0,24670.27959386789,0.08675158109302401,0.1909421296145576,Sep,8,0
137,567.0,20716.99480546207,0.14502113760280097,0.048421632998265296,Dec,7,0
138,115.0,33834.53630766255,0.014771880337674168,0.02595653815250961,May,2,0
139,127.0,18028.906101249002,0.1953689163417927,0.1839643536458452,Oct,6,0
140,36.0,1758.6072317647738,0.0016590569510654195,0.042745510171990256,Dec,2,0
141,441.0,30876.657615191507,0.1581074036813188,0.059582250944640765,June,1,0
142,89.0,955.9727061793895,0.001982966096301828,0.018723672415427023,May,3,1
143,290.0,25322.48877678066,0.06376550958281467,0.16511053919434301,Nov,3,1
144,34.0,14148.450274732768,0.11770801593013237,0.03962048382961711,Mar,3,0
145,694.0,3709.610448560255,0.011774390081053236,1.899667167495789e-05,May,4,1
146,41.0,1807.5797107622805,0.0019388841222611872,0.013262628624369948,Dec,1,0
147,164.0,35621.8708312025,0.18745993030468114,0.17579432597365366,Jul,5,1
148,5.0,2504.6576186538105,0.0028243118972610982,0.027896851422872303,Mar,1,0
149,378.0,31411.87704896368,0.14844612257089654,0.10036835627301813,Dec,4,1
150,119.0,21429.397984727537,0.0017035897537039594,0.015934746543719767,Feb,6,0
151,196.0,10770.043330431366,0.19160265996510756,0.08405935351035101,Sep,2,1
152,124.0,22182.198362266572,0.11063107851480569,0.04051772669939542,Aug,4,1
153,51.0,878.2470882319782,0.0038865180996314253,0.00621305766978955,Mar,1,0
154,178.0,32270.76753473951,0.11419128860985185,0.17049619560434978,June,4,1
155,10.0,1234.5391471283162,0.0253016382082624,0.032267880375749236,Dec,2,1
156,142.0,15054.872606307448,0.1745151252800336,0.05468692960456694,Sep,2,0
157,8.0,11141.881510937694,0.1188224741005953,0.0667449014696857,Sep,2,0
158,350.0,20710.394464841567,0.017879761805430227,0.007420830093205619,Aug,2,0
159,637.0,9732.082525367026,0.08274626739172353,0.06574680887647766,Dec,8,0
160,582.0,37889.227084234524,0.07044668907139467,0.17333885796306844,Oct,2,0
161,666.0,33071.232895836205,0.1209569256176436,0.19129369070743188,Feb,6,1
162,211.0,36529.0927043963,0.015481182471066127,0.0741788455960469,Jul,4,0
163,44.0,2557.039139054668,0.005822433218292562,0.015380408077781025,Oct,3,0
164,25.0,1857.0493742737635,0.0002505725864412941,0.011083343446047214,Sep,2,0
165,608.0,9741.780096342512,0.05612157725795991,0.09636869046855438,Jul,7,1
166,471.0,25089.72733417309,0.0037182969781657353,0.09432412704659611,May,1,0
167,376.0,5564.578140071793,0.08502501209229588,0.19726462682004353,May,7,1
168,371.0,13834.925313502332,0.09857176567918573,0.07163867160203197,Sep,8,1
169,26.0,1454.9732790807445,0.004313769322762889,0.012825189403572652,May,1,0
170,542.0,18144.587663575177,0.06348985381957442,0.026649446692308072,May,4,0
171,542.0,21828.24517635521,0.010509979950945398,0.1248631173073435,Feb,2,0
172,90.0,3709.62510929973,0.042702706632376304,0.12956465483889418,Sep,8,0
173,3.0,223.07906706772417,0.03896944126795245,0.14216292114358542,June,4,0
174,312.0,7235.283272786521,0.015100406787018102,0.16207506166106855,Aug,2,1
175,166.0,26277.202235118417,0.07445004355355515,0.09341054246126634,June,4,1
176,437.0,15841.89111266803,0.16652879670935672,0.039475377498185374,Feb,7,0
177,504.0,33803.37689445557,0.011008976914226016,1.3280087705359971e-05,Sep,4,0
178,175.0,16325.563135369006,0.09649176023444779,0.0482566935876315,Mar,4,1
179,5.0,2599.91114994061,0.0077601017029457495,0.06862607414697762,May,3,1
180,80.0,15162.54572692143,0.16622710078671252,0.01774368791320903,Dec,2,1
181,209.0,2466.7378997804026,0.11414064017047904,0.06151163900896148,Nov,2,0
182,164.0,28174.377304265217,0.1803505832706214,0.059469735282997996,Dec,8,0
183,30.0,256.3095268058718,0.1990055420459345,0.19944886923418534,Dec,3,0
184,613.0,35899.92275464099,0.12062905310502871,0.16745569916369193,Aug,5,0
185,686.0,11266.363655571267,0.05424036876265365,0.18539471983200093,June,7,1
186,159.0,7088.4779671614815,0.05607481842960679,0.1570589609456807,Oct,2,0
187,88.0,197.75921634599442,0.019309038100596962,0.09694991022847281,Mar,3,0
188,434.0,30233.18223498333,0.15658331573598291,0.0659408148562361,Sep,6,0
189,603.0,36933.63063716135,0.1966880165624111,0.1603896317240831,Dec,7,0
190,175.0,23467.510168688408,0.09140123136923102,0.006205320117999677,Mar,5,0
191,687.0,22374.78087349783,0.13003782536700997,0.1431935878710572,May,4,1
192,229.0,23864.316213529193,0.01402914436711063,0.19637489934182759,Mar,1,0
193,425.0,27961.29073114702,0.03568523708471512,0.13892405778193267,Jul,4,0
194,592.0,25748.443592695352,0.18903099856245775,0.16778252631881482,June,1,0
195,76.0,473.7739655647727,0.006138196711593171,0.016358621463228043,Dec,2,0
196,32.0,22933.163822671955,0.14497017862104175,0.11260136893718767,Oct,1,0
197,348.0,35276.89565212153,0.06012697449003544,0.14090176053300638,Nov,2,0
198,3.0,2671.3598627432125,0.006594816227189564,0.048816354662219,Nov,2,0
199,9.0,991.8667393292387,0.0034964097728812506,0.0012367702970452414,Mar,2,1
200,29.0,27436.83130124331,0.05243850463341358,0.028628171921576424,Oct,2,0
201,9.0,2832.558524706691,0.01300676300994306,0.0008105970831441505,Jul,3,0
202,3.0,1994.0627124184252,0.010487770160563303,0.020209469463449845,Nov,3,1
203,393.0,32987.27384009703,0.027998722597970035,0.18741563055101862,Mar,2,0
204,22.0,2888.3302345230345,0.04868054408866767,0.03842518325257252,Nov,2,0
205,166.0,35707.29878538693,0.03294389859034889,0.09694980672273182,Oct,2,0
206,1.0,676.7266604025157,0.01308195684473107,0.013539623065247258,Dec,1,0
207,318.0,4440.737572231595,0.14158480632620446,0.11097248985234048,Nov,2,0
208,16.0,1848.3749235640557,0.007297124567729322,0.007747466676812487,May,1,0
209,460.0,29459.123466802826,0.05419522855922076,0.04425795094657052,Mar,4,1
210,0.0,38566.19815315745,0.02483803123012418,0.0356179176297014,Jul,4,1
211,45.0,2068.490698325335,0.011080763717091229,0.016308607377843686,Nov,3,0
212,75.0,1476.7988561852633,0.011753424784709744,0.021716342404540873,Dec,2,0
213,375.0,21801.849998708323,0.004611452836190175,0.03203177265347788,Mar,6,0
214,46.0,2147.2502333799157,0.007006201836390521,0.0012388374849358597,Nov,1,0
215,39.0,1181.3930206171917,0.0697928316194352,0.051847882821909934,May,1,0
216,52.0,79.37545124709143,0.012672835538781423,0.0018275974624478188,Jul,3,0
217,63.0,4535.708148376007,0.07272165505730088,0.016386645935166293,Feb,2,0
218,11.0,13531.165630585008,0.10768185754326172,0.0843168318488663,Mar,2,0
219,460.0,13595.627413062153,0.11145766384157003,0.04780641995359661,Aug,3,0
220,9.0,505.2665851785143,0.008932672859622888,0.003802043069714243,Mar,3,1
221,621.0,7855.708076432655,0.19211920878638633,0.06850596017898096,Feb,5,0
222,5.0,2562.5752213789483,0.002260870484292198,0.00012960396239698619,May,3,0
223,6.0,2410.386596259372,0.012749145591873954,0.026202486003378905,May,2,1
224,467.0,28482.918896591844,0.09532073205947798,0.15413637395061688,Nov,3,0
225,46.0,198.22506541240259,0.0028246742520599165,0.02100898429244514,May,3,0
226,535.0,8035.236712784675,0.03707120795837804,0.05576248830472148,Nov,4,0
227,35.0,2805.4134477827133,0.011058811811961111,0.0015765929018883614,Mar,1,0
228,586.0,29747.50997154279,0.04949008906213889,0.09883477502350324,Mar,1,0
229,542.0,34261.3987612606,0.04414918690269101,0.10305533698046014,Sep,4,1
230,17.0,2515.497338631805,0.19703324300431452,0.1913566539905579,Mar,1,0
231,406.0,25002.145728800777,0.07897521932475474,0.04081003220605391,May,3,0
232,293.0,36083.182931738884,0.0555276814414736,0.002262820045643072,Feb,4,0
233,388.0,5088.497909368794,0.08225401483267201,0.03020305930326561,Oct,1,0
234,541.0,26272.972195099814,0.17015910680799382,0.1609017450016285,Jul,5,0
235,620.0,37283.5793106881,0.07763328053878435,0.14662797094782545,Dec,2,0
236,68.0,703.9116488569815,0.008196534145924032,0.012705308845696288,Mar,1,1
237,44.0,87.92869713704799,0.0010810108544066803,0.029591733638220957,Sep,6,0
238,1.0,1310.645801239493,0.008446859510327039,0.025042354029230444,Mar,2,0
239,5.0,1053.3882290431418,0.006084206539015977,0.003295934103107223,Oct,2,1
240,38.0,2241.985089225193,0.009981751669674374,0.0268738583650899,May,1,0
241,3.0,1936.6318365384652,0.009171286232692866,0.021019743187919042,May,2,0
242,247.0,17585.273393160012,0.0912554026954187,0.11154533746760395,Sep,1,0
243,40.0,1443.7608586773868,0.026950146233020472,0.051253130097508856,Mar,2,0
244,310.0,33521.236162531364,0.0020066398544994896,0.03697655894655129,Jul,3,0
245,10.0,1721.3331749296926,0.06792897166750855,0.10808338429745004,May,1,0
246,520.0,35162.78052210995,0.03280621301056366,0.029060707324611423,Dec,7,0
247,577.0,1715.261093896821,0.13176272698884559,0.16279420217342633,Aug,7,0
248,202.0,11848.642666057058,0.10778213868350354,0.010799648754709078,Aug,6,1
249,85.0,1102.1894351135886,0.00964258328929733,0.010914214022384511,Nov,2,0
250,281.0,31418.36100338907,0.1422102184793071,0.11515330928529847,Jul,6,1
251,695.0,5507.346607063519,0.07430098917636177,0.107559837680182,Sep,4,0
252,89.0,841.4377440778948,0.045219678371113535,0.06379186536640659,Mar,2,0
253,232.0,6471.970748725716,0.1353161076997897,0.10229423004954624,Mar,7,0
254,41.0,360.8184145891245,0.004069000410079153,0.021792272348109404,May,2,1
255,231.0,26585.92020203066,0.14023242774637448,0.15739854793430172,Jul,4,0
256,703.0,24685.22714541194,0.12176474883388694,0.04638336548928344,Mar,4,1
257,4.0,1303.1915186303986,0.003047797075091256,0.009483104733093379,May,2,1
258,15.0,924.6762360715358,0.001946891704650698,0.010297194834435633,Nov,2,0
259,623.0,34544.76759229044,0.13216433098054006,0.01558664261224607,Jul,8,1
260,28.0,1635.8694477109373,0.009419787617438564,0.03669351742319749,Aug,2,0
261,70.0,1299.994240596039,0.01201686620550963,0.035890524235348435,Mar,1,0
262,16.0,576.9944704247525,0.07972399043955455,0.18721620086704904,June,3,0
263,415.0,900.8823388592467,0.07322786773989616,0.040342730825466494,Nov,8,0
264,301.0,26603.106840083292,0.05090742188419591,0.10404451073414141,June,3,0
265,10.0,153.43290271963673,0.005266620906908214,0.04892637230539406,May,2,0
266,436.0,23765.279367626645,0.011168705609336813,0.17259591882151698,June,8,1
267,445.0,22088.054997425876,0.193869449972999,0.13018448022037907,Sep,2,0
268,546.0,12352.453974044096,0.13910011987156565,0.049511644811370846,Nov,2,0
269,685.0,22808.630604145445,0.09087011954060935,0.18406774812446852,Dec,7,0
270,21.0,1227.340593891627,0.011859177808924806,0.005640866297349529,Mar,2,1
271,197.0,11283.026511653268,0.09919057909911767,0.1734777150171248,Jul,3,0
272,677.0,9201.176363428756,0.04107659999808424,0.17494677899513167,Jul,5,0
273,15.0,2716.7859088247264,0.005003130158314435,0.011532329464696338,May,3,0
274,8.0,593.5088184065477,0.02724322163196323,0.06137473271887025,Nov,3,0
275,355.0,37835.156236787,0.08103042046607169,0.12962274889343947,Dec,2,0
276,103.0,20765.78057085959,0.001337189631693964,0.051036302897480366,Nov,2,0
277,503.0,41047.97260378702,0.17192496314541472,0.0634220337462446,Sep,4,0
278,219.0,5320.62785726832,0.037227826311530265,0.047836957919760344,Jul,4,1
279,429.0,27469.224738265013,0.1421637433063666,0.020056336111430973,Dec,4,1
280,264.0,15661.827217780045,0.012791042178019643,0.025760591937833675,Dec,3,0
281,439.0,14942.175265102851,0.114388448009962,0.19803325272972583,Dec,4,0
282,21.0,284.653120131188,0.000850693594666175,0.03094062193614271,Nov,1,0
283,29.0,2258.0799530958634,0.005723463144934774,0.009327348892625608,Mar,3,0
284,36.0,659.9668721921596,0.0035909152529022864,0.018879458115989144,Dec,2,0
285,136.0,8997.845636410524,0.0877317908596203,0.15653556695096962,May,2,0
286,81.0,4555.871405317184,0.0034587705971659607,0.027825750448605385,May,3,0
287,57.0,2106.9545442092713,0.0031932418449605055,0.03992889810996907,Sep,6,0
288,354.0,3628.299464223436,0.08553379050486576,0.19462932567721006,Aug,1,0
289,580.0,12841.556657588724,0.15252081199750744,0.05467290357354099,Feb,4,0
290,612.0,25179.24736165867,0.0265967007144644,0.04953549290124228,Oct,1,0
291,26.0,14569.204791831346,0.15291037727641044,0.1505482776229305,June,2,0
292,680.0,19166.610981015863,0.1907735085546267,0.07690543324002393,Feb,3,0
293,229.0,15196.579904150685,0.07174821699504412,0.15514013528074397,June,1,0
294,297.0,4047.751878578778,0.08336195225498094,0.013376416206199426,Dec,5,0
295,39.0,1484.2991150630764,0.18903945878667183,0.19629389229928115,Mar,3,0
296,259.0,12831.547326187778,0.007577228255527867,0.08738050716921307,Mar,3,0
297,522.0,28535.519256502266,0.1722277903511579,0.012020856502521935,May,5,0
298,269.0,34769.04278850817,0.14129929005075106,0.15019383080197918,Nov,5,1
299,483.0,28789.69223824867,0.05800639878527297,0.09804523886944941,Dec,1,0
300,213.0,11847.38156225285,0.17766062750797953,0.1537056506069095,Dec,2,0
301,50.0,30493.68514942059,0.052958178896714045,0.13437772282479532,Aug,8,1
302,1.0,697.9695917785323,0.012623353558022314,0.010662334484762575,Oct,2,0
303,325.0,30027.962920842765,0.13543778625720437,0.12902886378465928,Feb,5,1
304,2.0,1499.4857097055096,0.0025137469266990446,0.020386271281173377,Aug,2,0
305,242.0,21962.58865014951,0.14699831226663146,0.014303880697847635,Mar,3,0
306,243.0,29650.97070710132,0.13653923202312093,0.1114674648743634,June,7,1
307,5.0,241.1434929409976,0.012017000512347643,0.006334052982757913,May,2,1
308,39.0,4657.103151178554,0.037153020440011154,0.05157877546797622,Dec,1,0
309,188.0,42496.30540098269,0.06407268961338602,0.11761604545919291,Jul,7,1
310,78.0,1136.5513090075124,0.004397610388584109,0.03378928732363502,Sep,6,0
311,66.0,26917.586060978807,0.05154320699516809,0.17686153951937075,Sep,8,0
312,700.0,4716.653146019312,0.010521621604323484,0.006398456879437647,Nov,4,0
313,24.0,586.3278371894842,0.001034089013388897,0.008776958277629148,Nov,2,0
314,617.0,27526.547811877455,0.022458635505122816,0.08481109256250077,May,7,1
315,549.0,6281.707851718603,0.005339758907632077,0.14248120775262924,Sep,4,0
316,534.0,25395.066293926477,0.16566516936867376,0.039759999773432246,May,2,0
317,13.0,2132.5964052380505,0.008013080102932758,0.058966658174747576,Sep,2,0
318,250.0,29110.831606681346,0.1559923122787888,0.03131935358541779,Mar,3,0
319,18.0,25616.76327825657,0.0919729705774391,0.021009933220657244,Jul,1,0
320,432.0,9324.132335814324,0.10932615838162944,0.10823801862538211,Dec,4,0
321,264.0,28934.748947073836,0.13264691890099403,0.03809916737588434,Aug,1,0
322,605.0,35508.780849548435,0.1646549025198415,0.1638239130084164,Feb,4,1
323,403.0,30902.892927715337,0.14856295703818093,0.0948904339115681,Mar,4,1
324,47.0,331.4642775865731,0.0023458496603950387,0.030371330092102994,Mar,1,0
325,361.0,25607.76351663341,0.08165655828577989,0.19646904836475135,Oct,3,0
326,95.0,18466.771924312623,0.1966393438622293,0.10368976020798541,Mar,8,0
327,587.0,33288.05479730622,0.1979431884714993,0.18271391822956268,Jul,7,0
328,88.0,4112.092425382066,0.00045493721234649644,0.020904030725355138,Nov,3,0
329,173.0,7101.001462349771,0.004231036702311877,0.023240655953724335,Nov,3,0
330,43.0,1659.5666357097825,0.01158628851992501,0.022570644885402145,Dec,3,0
331,35.0,1099.881498431546,0.010134468863074286,0.06945919948252027,Dec,1,0
332,624.0,12261.092811537328,0.14741911363697546,0.09701834434267818,Sep,7,0
333,289.0,12300.118808260399,0.19202029299698115,0.10901424956297909,Feb,4,0
334,538.0,23665.398465624527,0.118688388278082,0.1708843104695816,June,1,1
335,32.0,760.0775014031957,0.005683205662374151,0.012853307043205003,Jul,2,0
336,11.0,2265.5562333017792,0.001427742830713507,0.016578720522345103,Mar,3,0
337,16.0,1053.1527207755453,0.003960106693595892,0.04938595083144221,Mar,2,0
338,646.0,8079.939014667699,0.1783556174817573,0.02712886853472187,Aug,2,0
339,16.0,2307.671459162165,0.008769381729738642,0.017497508810717287,Dec,4,0
340,75.0,1195.9991080838831,0.012767158709066582,0.01637017277745333,Mar,1,0
341,214.0,25849.111847103763,0.005482293230846031,0.06333560345286163,Dec,3,0
342,608.0,34978.22953804714,0.16201398239820847,0.1704655482610916,Oct,2,1
343,1.0,1252.9869022290873,0.022591148720859863,0.020420527798694302,Sep,3,0
344,9.0,1166.653672726547,0.011018634835073154,0.009988089196222906,Oct,2,1
345,37.0,140.21234751874567,0.012434178157782829,0.021686763651953777,May,2,1
346,642.0,14505.926394129721,0.15857716413532294,0.09470566133229268,Mar,4,1
347,381.0,40277.40729182922,0.002187364092531392,0.10031182166026358,Mar,4,1
348,53.0,15285.077704613797,0.12868072742181366,0.19180725047338518,Feb,7,1
349,292.0,23003.451706395514,0.13104968557803862,0.06881782770644843,Oct,7,0
350,120.0,19335.150485196464,0.1353911190706273,0.1326897440932274,Feb,3,0
351,653.0,40249.91934444163,0.1302110416766207,0.022206281873190604,Jul,8,1
352,198.0,32820.17088876633,0.10981265648106361,0.09251824762514307,Nov,2,0
353,151.0,4491.42087578125,0.158251628807458,0.020909553757401,Dec,8,1
354,408.0,28802.287100471323,0.04630076521676554,0.02067700481893215,Nov,8,1
355,20.0,753.2867805481151,0.19414072274221877,0.19891031872524867,Jul,2,0
356,557.0,40646.8859655395,0.12435101898982034,0.15037251634638604,Jul,8,0
357,94.0,4261.877124591385,0.12284850444142403,0.1916816151230947,Aug,2,0
358,373.0,14121.776281817083,0.07020676062978039,0.03755616645756048,Mar,6,0
359,692.0,18142.414956881337,0.19942039709880874,0.12888509534460973,Nov,4,0
360,23.0,1127.1134630521033,0.0004994797709789856,0.0070359500349371894,Oct,1,1
361,567.0,33811.41230839927,0.13587767986634608,0.07700284931063264,Feb,5,0
362,696.0,41940.758615951054,0.065491272663971,0.1814526833909576,June,8,0
363,19.0,15781.931320575395,0.15866677663962342,0.1770609594605311,Oct,1,1
364,22.0,1086.4168404953086,0.017024623021064705,0.034200838472300245,Sep,1,0
365,77.0,1404.7368077074216,0.09063823672616299,0.16665884412822943,Aug,2,1
366,468.0,29207.5791126767,0.055334744328373583,0.043446754753778696,Aug,3,0
367,355.0,11951.744135467707,0.07793706253598764,0.02856986494623099,Sep,7,0
368,513.0,13484.47219083146,0.1296050495505294,0.016444878001820755,June,6,0
369,45.0,536.0724372767951,0.00037223050971242643,0.030737262327004546,May,2,1
370,427.0,26072.63843361582,0.13762586505263932,0.05442762181735528,June,2,1
371,17.0,2790.7148815661426,0.007406700251828411,0.025612643764038844,Nov,2,0
372,42.0,246.51403995941408,0.012889158008803452,0.009739047945358683,Mar,4,0
373,412.0,16109.13371217486,0.07735389524665036,0.18960475303188043,Dec,6,1
374,328.0,19360.82538659564,0.11363660315530154,0.0963742078895933,Nov,4,1
375,9.0,208.89496048644114,0.007716164794835085,0.021659018886665403,Mar,1,0
376,307.0,40125.697121223006,0.01906842400694503,0.16183867262079393,Sep,3,1
377,467.0,25356.499839775457,0.08219489405212535,0.06142890848599307,Nov,7,1
378,213.0,30755.86163102466,0.08932471752855949,0.11798893356899341,May,5,0
379,596.0,27580.83396946308,0.02098632248710537,0.02520830449805561,Aug,2,1
380,516.0,13001.789970292226,0.06345923219161179,0.10517290079356416,Sep,7,1
381,666.0,17331.022266192394,0.1987480928939093,0.12671214196972186,Nov,4,0
382,3.0,1757.8156367178099,0.013199806974909127,0.009240479802937381,Oct,2,0
383,228.0,16781.12060076374,0.06251971748998235,0.18612842422081566,Feb,2,0
384,685.0,19203.43638533778,0.1954785828770638,0.12256609186391697,Feb,7,0
385,291.0,22122.729705489248,0.18258099138850942,0.19598999848698245,June,3,0
386,39.0,1523.1831610046627,0.011885013809153433,0.034765388567269045,Mar,2,0
387,13.0,1052.1570774349243,0.002933963634256632,0.033612495374686344,Nov,2,0
388,476.0,41175.01176684219,0.11173717557988015,0.05701726288884215,Aug,3,0
389,14.0,797.4978730231715,0.012753438997449702,0.034400118412147025,Dec,2,0
390,190.0,25227.03104991104,0.17450879511989928,0.0891184335529465,May,5,0
391,19.0,1978.8251728713506,0.19789623057541345,0.19969527695407993,Mar,2,0
392,366.0,17068.132459990782,0.0005759139006395073,0.08583425875713925,Sep,1,0
393,679.0,33158.67240283389,0.10944654509614311,0.0007322963803253895,Oct,3,0
394,280.0,29060.73905291147,0.0910772015046509,0.19929897222668422,May,5,1
395,2.0,1622.0906610986308,0.013103869200099297,0.011629745021910012,May,3,0
396,431.0,8022.091866251525,0.08430890378901329,0.055886782586644874,Oct,2,0
397,7.0,2993.4105116894993,0.00017698732282109684,0.013297902298458278,Nov,1,0
398,27.0,34883.44443909298,0.17461311579368752,0.1225798306829058,June,1,0
399,9.0,1350.180187142663,0.005079039239041614,0.0345208732087953,May,2,1
400,454.0,6350.310868577075,0.09451919822326542,0.05396202143254272,May,2,0
401,401.0,42347.25004775957,0.12066994947486082,0.0623654508630969,Feb,1,0
402,215.0,2536.436938864581,0.0666508914620055,0.06703871669663541,Mar,6,1
403,416.0,22279.34569887656,0.11316352434006623,0.19082077582519083,Jul,1,0
404,413.0,24776.170917299303,0.024227539249256656,0.045735900985385616,May,1,0
405,43.0,2713.2370862035064,0.030144985062877716,0.045420850392937695,May,1,0
406,7.0,256.6418130747673,0.05746052537345985,0.12977076976137242,June,2,1
407,394.0,10900.548647065461,0.09987743420815609,0.015964759878034827,Jul,1,0
408,45.0,2668.799020228532,0.004392249966819808,0.015999972647471154,Mar,8,0
409,395.0,38461.52803992894,0.00646210364765468,0.1647418814709349,June,1,0
410,436.0,23769.377780596977,0.1974429462910581,0.06417327608961101,Dec,2,0
411,23.0,1117.978663279813,0.06937763428626874,0.09184387724217288,Nov,3,0
412,526.0,33709.331376231414,0.14014581223120073,0.047755017238818684,Dec,3,0
413,40.0,1950.2127265515362,0.03999468141692617,0.023083517553869087,Mar,2,0
414,77.0,4296.711830119176,0.011624341526868108,0.022302209469665726,May,3,1
415,568.0,17536.855376647516,0.13738308604351243,0.01848049040466092,May,5,1
416,327.0,8727.18370105674,0.1463942206383689,0.08195180548585296,Aug,2,0
417,165.0,13520.654748394967,0.17796525336152608,0.11470660532696439,June,1,0
418,670.0,39463.00933288944,0.13846960284869075,0.06452498876336156,June,7,1
419,499.0,3665.0184462336256,0.16967397840150672,0.12183639432155145,Jul,2,1
420,139.0,14017.240834737826,0.1394697787006224,0.02050948609337964,Jul,7,1
421,204.0,1714.674360693119,0.17267381298895085,0.15439144920878067,May,2,0
422,1.0,1855.6292211381206,0.006053638184446269,0.011320469213209281,May,3,0
423,150.0,12939.390740930192,0.1801912991778169,0.1119077586284777,Feb,2,1
424,3.0,1401.6273506756784,0.19861091961734018,0.19204622669767507,Mar,2,0
425,448.0,22316.140723751905,0.17964467260652295,0.1860424115955318,Nov,7,0
426,15.0,799.5988531836267,7.843632537700262e-05,0.00963502552239797,Jul,2,0
427,510.0,10810.441120519603,0.020692099992351755,0.03743228381994951,May,8,0
428,245.0,30405.526599995486,0.046322482249407756,0.052783053925062454,Aug,2,0
429,142.0,23990.53762244129,0.013430525522252396,0.09774708168934582,Sep,5,1
430,492.0,8160.94006201529,0.022111705847341456,0.0148848729240496,Mar,2,1
431,147.0,20855.709337425444,0.11535939366609145,0.09585066144772628,May,6,1
432,15.0,2209.787574198474,0.10412598185410435,0.10438987872961848,May,2,0
433,481.0,35127.209555946756,0.05266728803601667,0.10265792210723343,Dec,7,0
434,8.0,1213.9075502445546,0.05079064316393245,0.08347230671567958,May,1,0
435,218.0,19164.706178523615,0.1694925315507599,0.034624461473450045,June,1,0
436,185.0,8138.184729596725,0.03310561140443902,0.12373083321682639,May,5,1
437,111.0,2081.5328448524124,0.11279794837116947,0.07464989654498244,May,2,0
438,77.0,5302.348595412441,0.0002968107321728579,0.031909382586974566,May,2,1
439,156.0,16151.148548868592,0.061916770034528945,0.04360893383416693,Mar,3,0
440,513.0,9203.795926597526,0.12477933552694383,0.026155587946268426,Dec,7,1
441,637.0,38066.894783917975,0.08384273805878277,0.04130434186784369,Feb,3,0
442,1.0,2711.3704101935377,0.01974943324537945,0.015896272776618852,Dec,3,1
443,35.0,26359.4111153859,0.07062465553044403,0.1305143525004712,Jul,3,0
444,245.0,19386.12979915858,0.08211362657236312,0.10324379332194362,Nov,4,1
445,472.0,4931.67787575892,0.17137641536417927,0.1139419051875578,Dec,1,0
446,330.0,14034.58543139992,0.13037104261631485,0.03594576731575108,Sep,6,0
447,39.0,2062.3738376810493,0.006558934590534935,0.1925867852410081,Dec,1,0
448,33.0,17134.06706893782,0.14363209441735364,0.06187463678900455,Jul,2,0
449,64.0,340.6135182926501,0.013839434618503791,0.06410152199331175,Sep,8,1
450,73.0,17176.630196183763,0.05617608634151348,0.08524193482466957,Feb,8,0
451,315.0,31341.524412222625,0.16854793949931485,0.09924258226407875,Dec,6,1
452,286.0,7441.118270191639,0.021081088160735176,0.14552397301491352,Sep,1,0
453,409.0,623.8513497930935,0.13244954362445385,0.05781939813406497,Oct,1,0
454,33.0,1775.3303924948982,0.00858385785611189,0.06218873965085047,May,3,0
455,138.0,11620.64756035535,0.10345906182827071,0.17480813764007533,May,2,0
456,520.0,17336.13883433979,0.06368930117885305,0.002218889310179567,Dec,8,0
457,121.0,39215.85532606659,0.1808506544390982,0.13139838176519622,Dec,3,0
458,165.0,35430.68541120266,0.028743123906194726,0.03383884403716843,Jul,5,1
459,87.0,1566.9220504983136,0.002135484333825707,0.01004976247851219,Jul,2,1
460,675.0,8.238973083305424,0.02468552683592696,0.1768774590285892,Mar,8,0
461,31.0,31033.009316558197,0.07072194887383426,0.09463607526513335,Dec,1,0
462,136.0,11529.538344317893,0.1380790381527646,0.06837417690255684,Dec,1,0
463,16.0,39664.12318427757,0.10358084396317135,0.11650777409168314,Mar,4,1
464,24.0,1827.5078442851893,0.011063821562179808,0.030370705338229814,May,2,0
465,136.0,3860.671322809608,0.010923478070423476,0.02661311811148281,Nov,2,1
466,49.0,28713.362415311894,0.14680002818868534,0.10448570807858744,June,2,0
467,610.0,12986.65763049435,0.10713648135394936,0.07401043279576261,Sep,7,0
468,485.0,31510.384979273444,0.010196054992953936,0.0577474052579835,May,6,0
469,538.0,27450.4685201698,0.15937521037463115,0.132326774979613,June,3,0
470,61.0,3250.817683707309,0.1637012223817575,0.14648019685649433,June,5,0
471,225.0,4195.1707239519665,0.10256667660869075,0.13432059110877312,Aug,2,0
472,25.0,2586.602303768301,0.1950832183170237,0.19300832329587594,Feb,2,0
473,223.0,29359.557650072125,0.021062164343765052,0.07765863292221939,Mar,1,0
474,193.0,6313.942378440187,0.14349467108630742,0.17967443368498115,Feb,1,1
475,276.0,31794.452681011648,0.1892867593684293,0.16191078735646217,Aug,1,0
476,603.0,38626.30315639381,0.08026423736083996,0.11552717281885039,Feb,4,1
477,32.0,5389.139996733835,0.05503105479536023,0.019460977441914135,Nov,2,0
478,104.0,4265.453385643984,0.1731796612591714,0.007535623919865767,Nov,2,0
479,388.0,10229.673864904787,0.01765100940761459,0.09078419261950449,Sep,2,0
480,444.0,26302.467000084,0.16938276768140567,0.03269121103873827,Oct,2,0
481,379.0,1358.7574996574729,0.07185481969862213,0.19094344563029306,May,6,1
482,280.0,8235.482111864094,0.10232961734813928,0.01303935899214356,Aug,3,0
483,395.0,31582.489054483136,0.16931040047815696,0.07040330881074698,Nov,4,0
484,45.0,2150.9443298762526,0.03529636711194585,0.0798392871674028,Jul,2,0
485,667.0,27716.48957715024,0.09471531364912583,0.1994402304449081,Oct,3,0
486,30.0,4306.246187454104,0.010792467488922649,0.019259486987965795,May,2,0
487,38.0,925.7398976220043,0.0367267786216362,0.058937438684134695,Dec,2,1
488,359.0,25830.396638810995,0.08717882946659623,0.08276585289469335,May,7,1
489,396.0,31814.91447075554,0.07736983993517046,0.11320413747377864,Dec,6,1
490,471.0,41824.3703243965,0.1940976125297701,0.1638058291502813,Jul,5,0
491,20.0,583.3875733530656,0.007582407040034523,0.03182135499538984,Nov,1,0
492,441.0,15552.450239519492,0.11703052562875677,0.1997646250285689,Dec,2,0
493,44.0,667.8375237164098,0.046937705133908936,0.06052573003165538,Dec,1,0
494,516.0,33997.506608111704,0.006219568609710179,0.01254187912424767,Oct,5,0
495,45.0,1816.3293593918297,0.010100815124422048,0.009479987325777012,Feb,3,0
496,93.0,2759.1387797920884,0.0012886900811557138,0.0011917101152811994,Oct,6,1
497,8.0,610.7283023991026,0.19684858099864766,0.18698211993835273,Dec,1,0
498,1.0,2353.6692911408295,0.011424763910728804,0.03711178888713884,Feb,1,0
499,108.0,39934.13438604652,0.0026165166941405408,0.019953276461664227,Dec,3,0
500,611.0,4390.143521943397,0.09996781293681689,0.014215138372983148,Nov,1,0
501,335.0,12696.267362987372,0.12793777703753892,0.0985333634481892,Sep,8,0
502,262.0,4946.04395716158,0.11383341955008172,0.027587981303470746,May,5,1
503,573.0,42672.15638778203,0.018071368628622082,0.17481379565232555,Oct,3,0
504,76.0,24204.81494748131,0.18724762858025093,0.17319349614922772,June,4,1
505,112.0,32865.07085303911,0.02500103566267281,0.17284614331528436,May,5,0
506,13.0,979.0712449469291,0.06690497634642888,0.11813252244892125,Dec,2,0
507,140.0,38410.99728416157,0.1441481817767611,0.02658648485221882,Dec,2,1
508,56.0,1812.7837583750272,0.1716006957810062,0.010765918965201862,Nov,1,1
509,182.0,21207.48595370177,0.042190277370960545,0.03880825305121274,Dec,1,0
510,25.0,1516.276155669684,0.07574347153830253,0.09006363717792348,Feb,1,1
511,313.0,17868.23017867902,0.17723578597836717,0.019041656019453092,Aug,3,1
512,7.0,391.1179182385149,0.03428375376783847,0.055674137198743756,Mar,2,0
513,35.0,4527.801182797226,0.1652339756115585,0.02753782949482382,May,2,0
514,277.0,39468.38370681107,0.13452569905117548,0.15664211315997437,Nov,2,0
515,9.0,1107.823382475982,0.009615026157379854,0.01568947508657363,Dec,2,0
516,257.0,5027.614379694849,0.10666941157421954,0.11849834034381758,Dec,3,0
517,78.0,39147.05230383689,0.09717312770769583,0.1116995305738525,Nov,3,0
518,69.0,2276.4709857642215,0.004574583528070133,0.018332949121932087,May,2,1
519,599.0,30857.02938993799,0.09180890102916589,0.11742009805937789,Sep,4,0
520,547.0,29819.444448483515,0.12549863181589296,0.0726397432097978,Aug,2,0
521,62.0,27915.135800230924,0.04746705026871895,0.14217624936484224,Jul,3,0
522,314.0,34414.7748671018,0.17506179355452575,0.060417118636931576,Mar,8,1
523,130.0,5213.898558750772,0.0068812473622793914,0.018052646614640053,Oct,1,0
524,22.0,2556.754036263426,0.02069580646878264,0.03928145313203107,Nov,3,0
525,451.0,12073.505812140478,0.12759523529776975,0.006523023864508771,June,8,0
526,30.0,1159.021096508374,0.0035127679222296333,0.04269444724832804,May,1,0
527,22.0,1650.4447877811274,0.01059772453581851,0.0005194807418093491,Dec,1,0
528,51.0,1698.3274595138791,0.001214999128156175,0.020023146016372072,May,6,0
529,113.0,3533.947004668071,0.007324672230969853,0.1911062125337258,Feb,4,1
530,37.0,1018.7182531397349,0.1879910330490396,0.19665979983189907,Feb,2,0
531,645.0,26253.46808597221,0.01868797173060662,0.12071023028205331,Oct,5,1
532,332.0,20853.595715155123,0.015961546584743448,0.1273431260636074,Sep,7,0
533,680.0,32617.24815467681,0.11847176057011917,0.004282600731888664,Oct,7,0
534,263.0,10991.114476507033,0.12951189286731243,0.036676654613150325,Nov,5,1
535,25.0,2144.1588092323123,0.003835452201020268,0.03417194404675604,Oct,2,0
536,430.0,27267.553829603294,0.03844503900933428,0.010934781430971775,Nov,3,0
537,77.0,2526.4796399231363,0.023890760425124065,0.03874449974626243,Mar,1,0
538,80.0,5025.192149364617,0.0036043530918588433,0.026610569910906042,Nov,1,0
539,401.0,18872.847679790117,0.19335694684587706,0.044591161161906534,Mar,2,0
540,91.0,17374.9356997643,0.1596882136441478,0.09657665726984083,Mar,1,0
541,591.0,10586.388276024774,0.11580306281375108,0.1989366776017732,Sep,7,1
542,236.0,19577.948868707077,0.16222909617182443,0.1416308552008597,Oct,4,1
543,60.0,859.4660817867433,0.001664326263111941,0.020008815118132104,May,6,0
544,80.0,9548.540680267175,0.1839760194225184,0.04912464913309349,Sep,6,0
545,4.0,933.7147217021472,0.009579387497459386,0.0168167149090302,Nov,1,1
546,45.0,1581.827788798238,0.003550226533424684,0.012734888390525011,May,7,0
547,33.0,1354.2579646870452,0.0034010664958811178,0.06714261621089573,May,1,0
548,36.0,2150.1321801316053,0.002294553130779824,0.029459814023104967,May,1,1
549,337.0,5728.881646690459,0.11153861272717264,0.0038488210569761648,Nov,6,1
550,329.0,22064.01350891987,0.10831618394033257,0.1505922542511256,May,7,0
551,88.0,794.7166237985199,0.012568279060982427,0.006995278483943854,May,3,0
552,259.0,33972.44670897172,0.18917400751257898,0.102056324997229,Sep,3,0
553,21.0,381.0170091976181,0.001912883721797633,0.015774413727512406,Dec,1,0
554,400.0,31039.545824992056,0.10621157563244604,0.10086218734261146,Dec,7,0
555,36.0,10065.990259274196,0.08020733096019007,0.08951593706711673,Dec,1,0
556,18.0,45.85522304743648,0.0051943422799241275,0.009209984608370426,May,2,0
557,36.0,203.82230991928247,0.007982175768786619,0.041799633461134404,Oct,2,0
558,431.0,14510.143641234363,0.07539645726149466,0.13748786134156935,Mar,3,0
559,610.0,14605.698820992748,0.10559369872620122,0.0022244529888345963,Aug,2,1
560,315.0,22898.00426399495,0.06710654563041378,0.1941034652747204,Jul,3,0
561,673.0,31779.383513672263,0.041211555758617874,0.050213582471756966,Jul,1,0
562,398.0,8748.85056454662,0.15760467276517753,0.09382255024393034,Jul,1,0
563,699.0,40178.74261027342,0.018015424173077395,0.11945618481124098,Nov,4,1
564,391.0,40395.531338601904,0.001482293754225251,0.09080312372285569,May,1,1
565,127.0,2243.1794429594192,0.019793779223737352,0.03778131894511716,Dec,2,0
566,90.0,13613.136349263978,0.0681000758988075,0.16050549299824124,Mar,2,1
567,327.0,17154.93301539135,0.022573636936750893,0.10103801651070594,Oct,7,1
568,12.0,1023.2798500576935,0.012238972515495036,0.030714807035163088,Oct,3,0
569,37.0,2417.7806304820283,0.02423455394039961,0.06237596620604699,Sep,6,1
570,452.0,27197.996203356008,0.19240192681094753,0.05989383515999433,June,2,0
571,132.0,5380.812830556866,0.07753583347272215,0.003072591947016957,Mar,2,0
572,191.0,28848.670648154606,0.029839718037324867,0.1998209523433315,May,5,1
573,160.0,42548.9065342688,0.1620730169501565,0.026352766173236716,May,5,1
574,21.0,16877.971970519146,0.022007400694120435,0.024749505141813573,Sep,3,1
575,38.0,1493.4638993370163,0.012455078558532853,0.035564040697834136,Nov,2,0
576,21.0,2808.827337026638,0.007386463848896206,0.031128021976510472,Nov,2,0
577,284.0,20432.960279513645,0.07353584290114226,0.049296203706192476,June,3,0
578,433.0,27362.05663779532,0.15183234159905964,0.19009940091627395,June,8,0
579,39.0,1509.7339692073235,0.01259576633383509,0.014318352828990428,Dec,3,0
580,652.0,18170.250603829434,0.17258162853815529,0.12676383925364768,Nov,4,0
581,497.0,11533.014966703397,0.12234323867247285,0.19401417364784657,May,8,0
582,4.0,2299.8585783364374,0.1955372477566804,0.1910887925217327,Mar,1,0
583,36.0,2782.3899297503203,0.02146142740302453,0.03580567218292338,Sep,2,0
584,652.0,38596.93209294614,0.14131306297655988,0.14454160113290207,Oct,5,0
585,342.0,37809.14522902718,0.09361275890173604,0.08802567740563341,Sep,6,0
586,23.0,1317.8968292079317,0.010071847909334464,0.0022768603938986883,May,3,0
587,249.0,4799.086497604518,0.01446969471740295,0.18444894450580257,Sep,5,0
588,3.0,2380.708136068543,0.003300291447800438,0.047024611882692094,Mar,2,0
589,316.0,515.5384788440904,0.09377397563163443,0.14596602371382358,Jul,1,0
590,7.0,261.4504520789519,0.013227134161998883,0.05243915769392467,Mar,2,0
591,615.0,20166.87762744917,0.17560827475015367,0.1485024505620842,Sep,7,0
592,278.0,6534.934689966541,0.001100504787911308,0.05327957372846217,Mar,3,0
593,52.0,18763.64620116377,0.12156142324773012,0.07232958744872328,May,2,0
594,36.0,21373.11351574668,0.016488862621325234,0.016260790942675032,Dec,1,0
595,179.0,11652.081664560204,0.18202063775575933,0.06327691531685678,Dec,2,0
596,106.0,13187.688163127776,0.12971194102348718,0.19449403003798754,Nov,2,0
597,17.0,2672.206161290145,0.01293082774371796,0.04575146613082773,Nov,4,1
598,480.0,19627.58247712177,0.128970402394926,0.018361408916345114,June,6,0
599,127.0,22011.5457734583,0.007953477090731586,0.034737094556355826,May,2,0
600,657.0,40488.65564143358,0.11900189960511229,0.03571894065257627,Dec,2,0
601,82.0,9659.74159079053,0.17653804142966056,0.16325452095078566,Mar,4,1
602,23.0,22733.471490366872,0.001954198912460852,0.00385066660352771,Feb,1,0
603,307.0,5839.644118361184,0.11730212338580968,0.047775577804561306,Dec,5,0
604,66.0,841.4181118881394,0.007607994872854614,0.02740307029524051,May,2,0
605,34.0,2505.544722166003,0.010552972186566287,0.006818678465347432,Mar,3,1
606,13.0,1707.5920178896313,0.01158696587861933,0.001750582298857523,Dec,1,1
607,12.0,1874.5732709440083,0.002576152345488129,0.0037055941694089526,Mar,3,0
608,315.0,7892.31945273599,0.11345347674034442,0.10401267690517128,Sep,4,1
609,12.0,805.6869428766237,0.050955983074878114,0.16890768755832253,Aug,2,1
610,46.0,211.59757353693234,0.004712563875053535,0.022055667549813446,May,2,0
611,175.0,27133.48053610287,0.0690844423646239,0.18365120615096625,Aug,8,0
612,244.0,36898.81342239903,0.10868586168626693,0.02777605818652838,Jul,6,0
613,1.0,760.1712317737068,0.007364222998738472,0.018019112763087392,Jul,1,1
614,122.0,3025.974398843195,0.008321272496879521,0.02463859119002118,May,5,1
615,53.0,40026.25278555053,0.09448351506781781,0.10953688219613777,Nov,2,0
616,23.0,5684.258811216894,0.036047083196788794,0.0452548966279809,Dec,3,0
617,216.0,10044.728253898562,0.09849906357987609,0.06454556257451913,Mar,1,0
618,38.0,1100.8649766026324,0.013272770240414816,0.05086465265135357,May,3,0
619,535.0,11181.696788467798,0.11641475241531038,0.17937413300741042,Jul,5,1
620,449.0,25391.610898024766,0.0445497980590475,0.09465966317053394,May,6,1
621,38.0,620.7630349024378,0.00816273619860629,0.04781582937032336,Dec,3,0
622,617.0,11362.420161105249,0.08009999281975651,0.11654531576940629,Dec,8,1
623,16.0,2679.762993906816,0.008184316776814601,0.014860904161653374,May,2,1
624,367.0,16416.966595553255,0.09997482130876413,0.06144706198156284,Sep,7,1
625,628.0,25584.823945175107,0.0825733455592214,0.05893959264049671,Sep,7,1
626,44.0,1148.3760739244542,0.008942709594657521,0.009600870483975985,May,2,1
627,474.0,11355.499821274248,0.12264246645955351,0.0477862192767861,Aug,7,0
628,4.0,1275.2648185063456,0.002132088271459676,0.026655353652650537,Nov,2,0
629,581.0,40343.32310378854,0.1789530387359148,0.14103017397940218,Nov,7,1
630,116.0,6482.8187595614745,0.18251125467293855,0.16859400793111898,Mar,7,1
631,346.0,11343.383970760697,0.12050857388298283,0.04263941235002934,Sep,5,0
632,621.0,10183.846839537393,0.037754177229970404,0.17874436622673875,Dec,8,0
633,68.0,37619.27230584811,0.10859609560826339,0.018326192761406748,Feb,8,0
634,559.0,17454.06660873679,0.04229356531822389,0.07484383429025775,May,3,0
635,561.0,24162.62572975568,0.0813554787352596,0.1494926912778535,Aug,3,0
636,358.0,15620.51757644293,0.07565627971331948,0.19863254623555868,Dec,5,0
637,435.0,12163.93515709185,0.12783961884562375,0.07286912448534708,Sep,6,1
638,685.0,29359.627628537746,0.05390233043780002,0.054826188383041964,June,5,1
639,383.0,30205.128095890694,0.028137352251879386,0.08708068966366322,Sep,2,0
640,191.0,15008.858165473106,0.0472274694135681,0.007512757513316441,Jul,7,1
641,272.0,12471.629629566354,0.06728579233752613,0.04041119707396004,Nov,4,1
642,295.0,6656.612583386919,0.10215510509357713,0.004733911618837434,Jul,3,0
643,337.0,12005.235121173331,0.10086762341736136,0.06710941887219184,Sep,7,0
644,39.0,1738.456532166352,0.0012020242570840978,0.021820835767983267,May,2,0
645,53.0,1636.978129873246,0.010622235904567397,0.010205212458272004,Mar,8,0
646,669.0,29818.4003130319,0.11422609995218772,0.03916203003138041,May,4,0
647,524.0,39135.04277225629,0.17148788851881072,0.007458007117980327,Nov,2,0
648,42.0,1890.7692665492527,0.006183050838887927,0.03890337115877442,Nov,1,0
649,32.0,1558.0400892660907,0.028384373561551903,0.07667494043789773,June,1,0
650,56.0,38435.173952309284,0.016878299073975037,0.03799662225748172,May,6,0
651,520.0,32124.977805968454,0.13654637853322943,0.12730006688414652,June,3,0
652,419.0,10954.057087525918,0.156689128848164,0.09294269246921466,Dec,5,0
653,335.0,38148.238053087254,0.1338042295338729,0.06414529013447176,June,3,0
654,34.0,1176.937830859808,0.010933386319431663,0.0028119747059204593,Mar,2,0
655,361.0,2560.5071610792556,0.02974516166927453,0.1258918992852753,Mar,7,0
656,357.0,38436.438647711686,0.10055497955859205,0.08667018747347437,Sep,7,1
657,23.0,797.0341002467032,0.008677272294132678,0.09384565527705799,Nov,3,0
658,631.0,41421.35828371493,0.028732057855201377,0.14436867470880055,Nov,4,0
659,13.0,1739.7865681721853,0.0018776534208725798,0.020573127009853042,Nov,2,1
660,594.0,14859.486999467572,0.11940200121495428,0.1982342870261157,Feb,4,0
661,524.0,14992.757224631501,0.08873091818497125,0.147943809776493,June,3,0
662,22.0,2209.827523835363,0.007526855022941194,0.011121833186375637,Nov,1,1
663,12.0,1668.5433211858515,0.009973752828476184,0.050599460427372775,Nov,1,0
664,64.0,4566.891693801984,0.02582381996945461,0.049832616425039,Mar,1,0
665,512.0,10709.14216206119,0.0925466384208019,0.11016867828620855,Sep,4,1
666,74.0,218.88577086719147,0.02628099832120126,0.03652894366276249,Nov,2,1
667,406.0,20541.17594596037,0.16327192186552839,0.17769598120709834,Dec,4,1
668,30.0,38042.48634738012,0.0981710174712647,0.1585212671016471,Nov,3,0
669,0.0,32569.42979983098,0.11366742084535497,0.08839553861692617,Feb,3,0
670,225.0,348.0521884582617,0.006546299041086713,0.17468467031690585,Nov,2,0
671,41.0,8886.495642689353,0.17872113101632053,0.14523481105860275,Nov,1,0
672,411.0,40937.662354581546,0.18179849091704492,0.09299994205086062,May,7,0
673,354.0,9369.979196312775,0.18467033807194846,0.0702267124141867,Sep,7,1
674,228.0,33267.97109960445,0.09148741235869577,0.005679660093730512,Oct,2,0
675,44.0,1422.5070658649827,0.0039058612160397955,0.010999272060292097,Nov,3,0
676,389.0,23521.2041522636,0.05575223699683988,0.00708276909974845,Mar,6,1
677,8.0,396.741591907605,0.0030647451907187587,0.046350278631270087,May,2,0
678,486.0,36139.33713871054,0.19646865335296607,0.16648615296451513,Aug,8,1
679,95.0,5623.008584373287,0.009755908898682083,0.021101843362162306,Nov,2,0
680,293.0,8011.1905731169545,0.13548417729411186,0.05652955969304862,Aug,2,1
681,4.0,640.1242470626747,0.008574438086051532,0.004137788207910103,May,2,0
682,47.0,348.6222091515688,0.01244609291232334,0.011453625064953434,Mar,1,1
683,536.0,18436.8379773286,0.05817523274547512,0.019806381284982227,Jul,1,0
684,141.0,13443.811517648555,0.055609255007560254,0.042620317524724866,Mar,4,1
685,117.0,4639.9209011758285,0.0013704587326578838,0.10494614800440825,May,2,0
686,275.0,40204.96620239831,0.19697698390192006,0.03044850172204663,Sep,5,1
687,81.0,8627.832685440968,0.02704409846344015,0.1726314783778392,Aug,2,1
688,331.0,20859.716792686646,0.17253688094612302,0.154579902001609,Feb,3,0
689,34.0,1267.757197393526,0.1900662014314341,0.19842551338337672,Dec,1,0
690,291.0,9813.134290216538,0.1893513939791209,0.10988939708774709,Dec,5,1
691,367.0,39866.96738234998,0.1641480458487398,0.09847263934012043,Mar,7,0
692,30.0,3724.740243548401,0.16251371020138108,0.05013132618641832,Mar,2,0
693,543.0,11583.262330212117,0.13473275575299254,0.10020103944603301,Sep,6,1
694,20.0,2486.4341198376187,0.03178619605629772,0.07975651984659948,Nov,2,0
695,140.0,1193.0205869684257,0.014519830470429984,0.1717322905978729,Sep,3,1
696,339.0,3820.8698499744337,0.11488276927681293,0.13154879749736786,Sep,6,1
697,42.0,1265.4728206707073,0.02610687541257581,0.016065691165473295,Dec,4,1
698,10.0,28142.295712328767,0.04218697214056345,0.09595926073667072,June,1,0
699,98.0,9342.247997396551,0.13796301640542785,0.056015586165334405,Mar,3,0
700,621.0,37459.61096435705,0.0865870189273314,0.19360397172105662,Jul,8,0
701,284.0,14884.50992145243,0.1501162226814852,0.004621993086526217,Nov,3,0
702,462.0,23165.809485794383,0.04349535351188319,0.06537654461110422,Sep,6,0
703,385.0,9021.176520588067,0.06877731904489816,0.049021651211357604,Sep,7,0
704,27.0,1703.6031947110919,0.0032547978731306045,0.10243261500621609,May,2,0
705,13.0,1606.8186917051453,0.015226606628091542,0.02267237403164304,Nov,2,1
706,17.0,425.24499897785705,0.02475587247133853,0.03367966300667356,Dec,3,0
707,131.0,1206.977177101021,0.005725546648149835,0.023111990710575854,May,5,0
708,590.0,24074.701961031045,0.09507699929295736,0.11378349951082065,May,5,1
709,60.0,13056.020081915342,0.16400228687083845,0.00035645560431482706,Jul,2,0
710,35.0,520.3006398485815,0.008842211322478607,0.06927813502967287,Mar,2,0
711,7.0,2355.381806953357,0.0010303628670168112,0.03712896862200152,Mar,3,0
712,613.0,4081.927161010037,0.10041487075196136,0.018580363610906796,Nov,1,0
713,409.0,20355.46316247506,0.11294369330140815,0.19663785737836068,Dec,6,1
714,134.0,4869.727565897729,0.001096988635302938,0.008654259489886735,Nov,2,0
715,506.0,6796.594609478722,0.10324532147995598,0.1731437102717618,Nov,4,1
716,221.0,11161.135245037185,0.1534009286452975,0.11701197168089059,Dec,2,1
717,655.0,7591.962140528831,0.057886068372678914,0.07293625286450084,Mar,4,0
718,608.0,6729.748766313779,0.12042469353000562,0.08271882565744071,Oct,8,0
719,121.0,3372.31354140258,0.1656254756462036,0.020630809215591718,Nov,3,0
720,572.0,5648.7891932186385,0.05512568720543114,0.07040926660854645,May,5,0
721,403.0,24692.33970546764,0.017815812136697085,0.1658898622146729,June,1,1
722,443.0,27411.83394827611,0.03712351236623194,0.04920898989403755,Nov,7,0
723,221.0,3366.1541596952366,0.038783637844613576,0.08380899756765231,Sep,6,0
724,204.0,26196.012674193746,0.11039228783745604,0.0018967735684603149,Aug,6,1
725,473.0,9043.042122647512,0.0544940513561278,0.04715877120589357,Feb,5,0
726,432.0,7655.406795667162,0.05049997659831439,0.10076177160526938,Sep,6,1
727,477.0,35367.35302206309,0.05034275546127959,0.003374986546198565,Feb,5,0
728,645.0,11984.717563086402,0.08805439894448043,0.18960737574453335,Mar,4,0
729,267.0,21118.161070051352,0.16809104235800781,0.14632163451368124,May,5,0
730,25.0,1444.3499174626518,0.00334014974844502,0.03470442082430727,May,1,0
731,485.0,3828.93516841613,0.1587727936313911,0.15457177487854593,Mar,8,0
732,175.0,10555.887343409762,0.009403875794163548,0.16492549282014318,Jul,2,1
733,115.0,18584.80469134306,0.11384325138390446,0.12826944476980043,Jul,7,0
734,23.0,23072.703451472204,0.14523672626765144,0.11507868962759392,May,2,1
735,385.0,32871.22999479116,0.10554394589536023,0.1292974971958888,June,1,0
736,564.0,25680.057334637542,0.1264405656492472,0.1446231479624438,Oct,7,1
737,679.0,17782.745347093532,0.19975347049767836,0.12775265496508073,Jul,1,0
738,492.0,9607.130633549485,0.027040667233902336,0.19408582376025696,Sep,1,0
739,574.0,7051.230805019676,0.09929565363717238,0.0021494651906703425,Sep,7,0
740,115.0,27095.87789380053,0.1542881592003046,0.04187487618769463,June,4,1
741,210.0,10195.438142788345,0.15061925718609478,0.13194556083969766,Sep,2,0
742,20.0,509.72262439023336,0.023424716446546555,0.027771978146854406,Mar,3,0
743,35.0,1719.5376120346523,0.021365384381858372,0.0353055132953962,Dec,2,0
744,16.0,1496.52918390449,0.19918740182423825,0.0769835213528882,Mar,3,0
745,499.0,31554.54292840427,0.017709305995972886,0.16474148916146547,Aug,1,0
746,360.0,42975.641263055906,0.19671143412386732,0.00878344137180242,Sep,2,0
747,570.0,29202.09203912239,0.18391724214322291,0.13084284258353993,Feb,4,0
748,227.0,23692.71502997589,0.18142852843443466,0.09081380626577162,May,2,0
749,567.0,14514.426872463659,0.1122684730009123,0.07248031444657384,Jul,7,0
750,59.0,3966.459482092776,0.005503140791954348,0.017798677914213003,Nov,3,0
751,556.0,25203.906934360897,0.053771386174679844,0.007262808733097139,Mar,4,1
752,53.0,11707.606646988745,0.03749209621443696,0.05775988213698808,Sep,6,0
753,107.0,4578.635911245557,0.016953947845576533,0.013356451011574294,Nov,2,0
754,19.0,1300.0451838990616,0.03140295330368639,0.14343109892082148,May,1,0
755,44.0,2823.1057744401182,0.001030441290894113,0.025753756846034502,May,2,0
756,375.0,42666.799562319866,0.05137359127864998,0.1348842469238077,Dec,3,1
757,57.0,5583.477469102949,0.013747609656478517,0.03822219632395377,Nov,2,0
758,30.0,25056.45736254221,0.05646414586687478,0.09539286013105013,Nov,1,0
759,509.0,10670.450720874089,0.06123542611825599,0.14269828119242411,May,8,1
760,165.0,14671.357953285566,0.18377865284061726,0.1964553647131066,Aug,7,1
761,15.0,919.1868709737336,0.000552370255325007,0.009565661424092774,Dec,4,0
762,242.0,19147.863149806533,0.1130531426363412,0.03587586367289174,Jul,6,0
763,3.0,1292.8846687380765,0.010249569995595518,0.03193663050656798,Nov,2,0
764,613.0,18574.438674513218,0.0063009874536981356,0.04788875700985583,Nov,1,0
765,96.0,34344.41435479184,0.10254842479120056,0.17831275350768525,May,2,0
766,363.0,35450.95211212703,0.05629189298582189,0.08728207742235508,Nov,6,0
767,75.0,15146.111233992006,0.18728075919608558,0.19851049557266423,Dec,2,0
768,3.0,2667.4115438899257,0.0021207220618668747,0.012244933826090912,Oct,2,0
769,702.0,32660.338935933993,0.04180580308225505,0.0968969261129515,Feb,7,0
770,281.0,8585.374326697765,0.06940159695439908,0.04244907655015317,Jul,6,0
771,677.0,12743.5598992492,0.030483248449769282,0.10466549569717923,Sep,5,0
772,393.0,22287.152383202203,0.19253758738185697,0.11318175706439831,Aug,3,0
773,370.0,16803.168532906006,0.09866491200364844,0.10378455617408987,Jul,7,0
774,689.0,31137.465167213122,0.0683342776392026,0.19216339678827152,Aug,2,0
775,317.0,22157.850485580602,0.12947727394011438,0.09746582454668734,Feb,1,0
776,573.0,38186.702428504555,0.08213579049815248,0.0601777147753749,Aug,7,1
777,34.0,1845.554982342032,0.0077001094487771735,0.02059659086282629,Nov,4,0
778,632.0,19883.6460697354,0.13036807405446363,0.18647983324247788,Oct,7,0
779,614.0,20027.325929179937,0.1722063878079254,0.12472316658924525,Jul,3,0
780,331.0,23340.672469135592,0.14755985885664322,0.1858351106683184,Aug,6,0
781,12.0,1855.2437379347245,0.025800296439734076,0.03501549013602875,May,3,1
782,105.0,1322.3336770972328,0.1194938128520529,0.008285429782000805,Mar,1,1
783,13.0,1624.8816471764433,0.1902602674280782,0.19407708321216788,May,1,0
784,701.0,10042.483678777344,0.05607129367899234,0.18483059456902814,Jul,1,0
785,19.0,16541.590443138164,0.1012450625067577,0.07409572460050429,Sep,3,0
786,57.0,1464.2931859210194,0.007421306061676648,0.03983829751998821,Nov,2,0
787,52.0,11913.260403280583,0.11521786517466273,0.019700933168178388,June,1,1
788,567.0,14671.956361395769,0.1167876293343986,0.023057366841800202,Dec,7,1
789,66.0,264.9040559651852,0.00954054179038221,0.014936509868593779,May,2,0
790,20.0,35534.384141211995,0.1781031377241601,0.007051101067619156,Sep,1,0
791,4.0,474.63788176983365,0.0036646925171603477,0.002811825158370609,Mar,2,0
792,24.0,1685.3861655074277,0.002936682073453557,0.01802777524380744,Dec,1,0
793,345.0,4610.634269032636,0.19312773495368485,0.1049090483142993,May,7,1
794,189.0,18211.98191091572,0.16330474083205782,0.028195484751087685,Jul,4,0
795,163.0,4588.426756274222,0.15745537028506104,0.07293644658516667,Aug,5,0
796,289.0,12747.359150951577,0.040351559345763066,0.0983516405184984,Sep,3,0
797,431.0,12843.129351315256,0.12179603146298851,0.02940032648770803,Sep,2,0
798,35.0,1930.9374989958158,0.004510037632664713,0.003833312757784938,May,2,0
799,678.0,3931.913649555805,0.002089464983611138,0.007878863685655792,Nov,4,0
800,534.0,34618.4985389467,0.03367344348654359,0.12226993302381706,Mar,3,0
801,308.0,4748.629171595395,0.08197859403668654,0.12032046456526525,Sep,1,0
802,363.0,34807.57058594332,0.06293918134920984,0.1432323574130883,Aug,6,0
803,76.0,38568.10295301984,0.07150398000531008,0.02112898123395339,Jul,2,1
804,703.0,28024.570933262006,0.1046212022303285,0.12166231624046468,Jul,5,1
805,645.0,8457.803422694711,0.187768566166278,0.07414786440069833,Mar,7,0
806,533.0,38824.51173050274,0.11707986179060055,0.12635025987627524,Dec,8,0
807,45.0,2733.8419869783706,0.022331247996003382,0.021234030076622498,Dec,2,1
808,518.0,37868.60160572567,0.1257086489502132,0.06308184804279533,June,3,0
809,338.0,30108.564958986874,0.05143398015882068,0.034520846461072084,Mar,7,0
810,570.0,17845.692754393473,0.08345839133346941,0.10763300012623796,Aug,7,1
811,441.0,33214.16542809375,0.08520778435098171,0.04939519197408218,May,2,0
812,299.0,5396.9870728180795,0.10903016189892399,0.07214059613566365,May,8,1
813,18.0,25.334482926761577,0.0023627878988408185,0.0426227262716842,Nov,3,0
814,30.0,1944.333372012997,0.007916342387196901,0.026461020918812403,Mar,2,0
815,251.0,4412.302948415558,0.024202113840851504,0.07834018500082762,Mar,3,0
816,446.0,7760.105990968079,0.08411031474119612,0.04080127779136962,Jul,6,0
817,126.0,23544.934382210944,0.19612626980553624,0.061863678634033234,Nov,2,0
818,91.0,2201.9594371016674,0.0038835699024065726,0.00981612274995817,Oct,6,1
819,656.0,6740.690779227062,0.18570247410828708,0.03666174263322899,Aug,5,1
820,487.0,10232.735043465835,0.0871794272662841,0.10619303405801404,Mar,2,0
821,535.0,33953.90973444793,0.1462090255569814,0.10560641591606305,Feb,2,0
822,94.0,1437.7215235912079,0.021005146231283467,0.03087192519070947,Oct,1,1
823,509.0,13999.172312267425,0.12994827290976074,0.11397914950612567,Feb,5,1
824,41.0,2050.254091059038,0.010869078907489007,0.0076296375638145435,Nov,3,0
825,5.0,1978.8115499893197,0.004607573519604387,0.038530476164495384,May,2,0
826,14.0,1768.318102881619,0.045634974724577,0.06993360632015144,Mar,7,0
827,114.0,5049.825142585623,0.037069708602277214,0.03910500897820869,May,2,0
828,673.0,25954.062866692453,0.09809635043923129,0.13228273615003516,June,8,0
829,445.0,13014.722921032626,0.07368280479306115,0.02153271336587234,June,2,0
830,138.0,4542.321643862529,0.00572148047671965,0.004686239521429829,Nov,3,0
831,300.0,3551.426941515075,0.14606628013806258,0.12267502024763209,Jul,3,0
832,447.0,38241.799522327994,0.039164265990502385,0.1465732847714167,Sep,5,0
833,391.0,12959.585985082533,0.1407791514701857,0.12203377183950323,Oct,1,0
834,75.0,764.5704880233483,0.002918656748161353,0.022075823206381108,Dec,2,0
835,26.0,1054.4152946599033,0.007918314873516064,0.12263249198889921,May,3,0
836,385.0,30576.4634271775,0.1251532812417039,0.06020307147981111,June,1,0
837,3.0,2141.482794468364,0.00795255622151988,0.0987432859109256,May,2,0
838,35.0,433.9046151483089,0.03463869230193375,0.07836171683867864,Nov,8,1
839,321.0,36560.29764591529,0.05797843074741061,0.10586508176647588,Oct,1,0
840,16.0,199.13546026373157,0.009992926225430384,0.01698932647881213,May,1,0
841,479.0,17488.382357915445,0.09054089495427871,0.09857172005142877,Mar,8,0
842,193.0,8868.215719067572,0.15168538384208485,0.12180328154023641,Oct,1,0
843,29.0,2543.50428433363,0.0008110236222747129,0.012825794233636167,Oct,2,0
844,309.0,23441.892471761512,0.005664983104958069,0.0024818351991475886,Aug,2,0
845,561.0,29077.87187993267,0.1257699233186964,0.15751230600248173,May,3,0
846,79.0,36293.77529021523,0.01489553174371582,0.016165754029445496,Aug,2,0
847,262.0,626.6366590257603,0.13301972133562256,0.09701999447881289,May,1,0
848,75.0,3021.494155399407,0.004491015601683806,0.022731382659940756,Nov,2,0
849,43.0,1642.0725549087072,0.036981320002638055,0.08076590052529907,May,2,0
850,513.0,37087.46364607411,0.14911517353818038,0.12198212928250614,Oct,5,1
851,8.0,1470.3037275809427,0.0035550009563499936,0.0496087950160314,Aug,1,0
852,523.0,37092.434189676016,0.16490758309015427,0.17944057070637393,Jul,1,0
853,6.0,1679.8244145638043,0.04278292518373258,0.07674726548194352,Mar,3,0
854,48.0,3332.6877265607473,0.047087314359922076,0.053337654941516474,Oct,3,0
855,322.0,5223.776306178412,0.03953277478144768,0.18809723778491927,Aug,2,0
856,92.0,12351.59195202636,0.16160757283087304,0.022578404689942832,Oct,6,0
857,635.0,10885.815153039155,0.08662281952133304,0.17436281880519164,Jul,8,1
858,365.0,30756.316688790816,0.1954009085437162,0.10243050287885637,Dec,3,0
859,266.0,27941.483626598674,0.15586165857513046,0.09543937164841927,June,3,0
860,125.0,22717.396634835182,0.08948678182309612,0.015523254034187896,Dec,3,0
861,18.0,34930.2173403013,0.17688402645570245,0.14186515955416096,Aug,7,1
862,45.0,900.7983773416181,0.0072306848198873995,0.021648927641800562,Dec,2,0
863,390.0,16264.644807059742,0.03059458935577098,0.06203119582278223,Jul,1,0
864,381.0,7762.556343945119,0.19838372001183,0.049222339724576236,Jul,1,0
865,284.0,37888.913765383484,0.16728061177106898,0.06236580086897848,June,1,0
866,37.0,671.1763922725422,0.009724950258930675,0.04181618644041601,Nov,2,0
867,37.0,1796.4040933546885,0.04658713329830458,0.044884050169020716,Mar,3,0
868,275.0,10793.807401223075,0.18638300683067086,0.02826741991518694,May,1,0
869,38.0,46.95676382142678,0.006160277266749689,0.014768932514223187,Mar,1,0
870,105.0,3417.970123943446,0.008921833904950988,0.0032781873753794204,May,2,1
871,17.0,705.6594060941496,0.009509264868809994,0.02443122502400633,Dec,2,0
872,248.0,26963.06590545588,0.1467764416122111,0.09539566030620153,June,6,1
873,88.0,13672.598652106139,0.1589218901568526,0.1563065151810628,May,2,0
874,0.0,925.6387490372892,0.19106271447559883,0.18809203770628138,May,2,0
875,672.0,21332.762386913873,0.09532666183689982,0.013007076975618507,May,8,0
876,595.0,27190.99974041897,0.036607226875891616,0.07471446529786822,Oct,8,1
877,594.0,37585.78160599539,0.053848034745548515,0.16037217346682778,Mar,5,0
878,94.0,31403.227862198233,0.10973063909090076,0.043573192402945424,Mar,3,0
879,569.0,21933.771067675265,0.07905170569273771,0.18374909023813352,Oct,8,0
880,55.0,1293.4004520808955,0.007289032687900797,0.006151542968484118,Mar,1,1
881,198.0,36497.727078276985,0.15950287986313202,0.11271927748373808,Mar,4,0
882,71.0,373.84452842985854,0.0017822664311020022,0.005826573362834039,Dec,1,0
883,330.0,34951.837376203875,0.05724938275604505,0.15890165538819384,Nov,6,1
884,509.0,13474.158564443387,0.00038429754714545353,0.09909672776299865,Nov,7,0
885,539.0,31348.686423120424,0.14506417193735544,0.12714012429193747,Feb,1,0
886,219.0,3031.7625162096797,0.106874732236646,0.06804947283611236,May,5,0
887,111.0,31563.328154858227,0.1181165424218411,0.07535234098218078,Dec,2,0
888,322.0,17175.47919063944,0.014902406325908224,0.011366966639721122,Nov,4,0
889,475.0,8427.351081517325,0.025832354226722053,0.025813970583407453,Nov,5,1
890,88.0,5163.314115300493,0.010609870582021402,0.017727249594492546,Oct,1,0
891,59.0,36715.21887822961,0.013475521530150062,0.05517883519028262,Dec,2,0
892,118.0,31741.818934698444,0.02167445115697888,0.1284478830252036,June,2,0
893,167.0,13406.374106173569,0.1774496871508901,0.11055009627163931,Feb,7,1
894,32.0,2862.516862999142,0.012188767553437412,0.06712700082212973,Aug,1,0
895,589.0,12071.189727155663,0.15708493949817925,0.0365177858814761,Sep,4,0
896,645.0,21700.235983469232,0.17791487008834686,0.05734493592436017,Nov,1,0
897,49.0,18297.515026757934,0.09191072700180736,0.13144387801808885,Jul,4,0
898,683.0,16218.292847506618,0.09284974677270391,0.05322312178951366,Mar,3,0
899,71.0,27715.254191781092,0.048465887649786314,0.15140997083564287,May,3,0
900,29.0,554.8731924808391,0.03524938349201431,0.07358561353776065,May,1,0
901,381.0,30675.99674715654,0.13803529479960042,0.014098040147273967,May,3,0
902,80.0,312.3717730533556,0.04509038574626517,0.07112082028814184,Aug,8,1
903,333.0,35234.95401664616,0.06019988197970749,0.0854682477186803,Nov,2,0
904,2.0,2176.3548347704323,0.008096906578231408,0.004121237753096704,Mar,3,0
905,2.0,2337.5994896703914,0.007833963218455994,0.004746591004157161,Nov,3,0
906,610.0,26909.89210495689,0.043835528072126914,0.19051521136439595,Nov,2,0
907,8.0,1109.8172423124909,0.0029844409109181184,0.030245514507442606,Oct,1,0
908,220.0,27959.656055291613,0.0652486850524343,0.029130581116285963,Oct,4,1
909,238.0,13242.810504443822,0.09962181003158732,0.0698399848339244,Sep,5,0
910,639.0,22343.78520134605,0.00058119096115409,0.14259838965247373,June,3,1
911,151.0,8152.953475873008,0.0454775917733781,0.029213346098035824,Aug,8,0
912,28.0,2978.2763647041115,0.16116523352310314,0.11495891270864575,Sep,1,0
913,646.0,35277.68125370102,0.1439757822222283,0.08019507711120405,Nov,6,0
914,549.0,19596.361301918572,0.06006791678560958,0.023077315007876208,June,3,0
915,25.0,2011.693708907962,0.1917369615414039,0.18729572720372875,May,1,0
916,34.0,1162.523200834762,5.1078923042018336e-05,0.04577683535257003,Nov,2,0
917,47.0,2352.3378775096776,0.047593170321365584,0.13306239440403167,May,2,0
918,97.0,18596.66834026718,0.1364382170412281,0.05715022948435005,Oct,3,0
919,58.0,2969.0076377763853,0.12597836669363785,0.04125328431371305,Jul,8,0
920,444.0,23500.211994508823,0.030129342205660357,0.012885549173177888,May,4,1
921,36.0,1650.9756145158785,0.010761400905600035,0.014869581559692603,Jul,4,0
922,236.0,31236.717168493433,0.14511952556430127,0.15557717730720272,Dec,2,1
923,10.0,36282.71825466385,0.15603841050792683,0.1782158007669327,Jul,3,0
924,448.0,20463.72314816269,0.15064727040864972,0.0580608313878843,Nov,7,1
925,250.0,5808.369128964014,0.03329472146617627,0.04249687171887869,Sep,3,0
926,615.0,14117.774208680738,0.11032053564368961,0.0878012658679829,Mar,1,1
927,295.0,2445.9440113412006,0.13929558412869295,0.1198124795747888,June,1,0
928,1.0,788.0537230204628,0.00631023497324758,0.03106442529260922,May,2,0
929,1.0,519.0256932203628,0.011487942359464825,0.10581552760576514,Nov,3,0
930,368.0,22898.32320301288,0.10933215722701455,0.09943763174035658,May,7,1
931,15.0,801.1069138491388,0.0032725130399884014,0.019344993405893605,Nov,2,0
932,598.0,42681.81936996479,0.16926147291558552,0.1666470228572277,Jul,7,0
933,435.0,27748.4350209799,0.07261952070315585,0.1660760920083813,Sep,6,0
934,364.0,22784.29013550972,0.11539573238666663,0.010651475422168622,Feb,6,1
935,559.0,21099.804326218644,0.00045152093906163446,0.006011545290083488,Aug,5,0
936,95.0,15479.992322746002,0.13160514729769976,0.17794895292486265,Feb,3,0
937,28.0,2257.6105549248537,0.006462841652650935,0.0078004487370966925,Dec,3,0
938,560.0,38317.098921700795,0.16924976970225855,0.012946102055842847,Jul,6,1
939,224.0,14092.721484362279,0.17199279450832294,0.03981644179507248,Oct,4,1
940,335.0,22996.388515647963,0.017512910501160328,0.008946903670741496,Feb,6,1
941,645.0,14947.439573601703,0.15269265356794381,0.19165241505688718,Aug,6,1
942,646.0,14319.738295611049,0.024873153684289766,0.09686249413132936,Aug,1,0
943,8.0,1096.9089048847766,0.011452049716317662,0.017912634259239925,Nov,1,1
944,78.0,15728.63611267815,0.09446951330737174,0.028010259747186014,Feb,8,1
945,29.0,25539.324037159015,0.14565793511069036,0.11921742149230696,Sep,6,0
946,432.0,3663.4477451032512,0.03480247042438401,0.006694035055753045,May,2,0
947,321.0,24883.34145799303,0.05005069264900093,0.09810667250075766,May,8,0
948,40.0,16.10357311687259,0.0035342434616671644,0.032484366410898524,May,2,0
949,239.0,25785.25386989524,0.01655512368307571,0.055244346378903526,Dec,2,1
950,539.0,28743.316368296666,0.1710852749082709,0.006799233986945361,Nov,2,1
951,310.0,42356.99507338473,0.07853690696902896,0.16787814159998526,Jul,3,1
952,564.0,24468.334804883132,0.1916394873621733,0.16913555787572557,Sep,3,1
953,682.0,37497.47814858385,0.14775492083619893,0.11749035574483575,Mar,8,1
954,44.0,1587.0351307708418,0.0021947044559755455,0.004149949050178029,Oct,2,0
955,580.0,32497.97717236684,0.1432901840851374,0.19894453407811127,Feb,4,0
956,352.0,21948.524417552708,0.17091019005048602,0.043182650753289996,Sep,6,0
957,702.0,36139.92248985996,0.08737129436344235,0.19507350816841132,May,8,0
958,182.0,639.6993295860777,0.04034945714940145,0.03412883003082214,Mar,4,0
959,92.0,13485.683720724257,0.06989424670695257,0.19938488352655098,Mar,2,0
960,4.0,455.5027337493561,0.007777430291425258,0.02354335330515843,May,2,0
961,47.0,2542.275815748096,0.0196578128410781,0.02974573864750478,Oct,2,0
962,16.0,59.12269313037438,0.037307335630596315,0.04801201325610385,May,1,0
963,64.0,694.3152828702631,0.16037153346351166,0.047052986533308715,Mar,1,0
964,56.0,30.505138938442634,0.009016352185889032,0.01525282101722832,May,2,1
965,38.0,23480.2319312572,0.11867828014579773,0.13093957800755393,Mar,2,0
966,686.0,15272.623547298406,0.1069353225863389,0.005162453474569884,Sep,4,0
967,539.0,32512.892960641402,0.08667940705818357,0.15359605894883238,Dec,1,0
968,23.0,2480.127044299616,0.037865023533747176,0.13063018189803843,May,3,0
969,71.0,12454.440995342158,0.16203054913154463,0.14247062766119603,Mar,3,1
970,591.0,29783.101271618292,0.0813223283658534,0.015101652921534486,May,1,1
971,7.0,14607.604881326975,0.131021446030356,0.058274215675849415,Jul,2,0
972,34.0,1401.0594095463796,0.0190878939718866,0.030643109974440454,Nov,2,0
973,12.0,1587.2125988470943,0.0029277414354249667,0.020676563260293684,Nov,1,0
974,565.0,25750.03340135063,0.06881280262861272,0.03375725863310002,May,5,1
975,562.0,29675.306124746847,0.1329724784424387,0.15024933378113006,Mar,5,1
976,5.0,1776.446085858648,0.007557899997003576,0.004926020221529573,Oct,1,0
977,649.0,7522.299997448709,0.18900207212941844,0.08461677797778128,Feb,7,1
978,694.0,1674.737786870962,0.07260172711724543,0.18738412631664272,June,8,0
979,114.0,9140.330135710803,0.10083617197982377,0.19733944596202407,Dec,2,0
980,264.0,27856.23854865642,0.14764027533380789,0.19729641156027214,May,5,0
981,622.0,12502.069377089514,0.11453478681128172,0.1641071327625811,Dec,2,1
982,104.0,4779.221530839481,0.03956842714572542,0.04775370706062691,Aug,1,1
983,324.0,23446.144112295784,0.13330478741915733,0.05146565750080234,Nov,3,0
984,458.0,17124.877614568715,0.04733403871578148,0.05989528530906499,Jul,5,1
985,365.0,33445.57730162366,0.11341624770200295,0.1551451275271476,Nov,1,0
986,69.0,950.1908298424194,0.026477484040539227,0.015130864890367055,Jul,8,0
987,566.0,5863.653568019043,0.07728664605495233,0.01020859835408666,Aug,2,0
988,647.0,17726.6689107896,0.19292013468195793,0.07603393984953465,May,2,0
989,186.0,2945.035615865556,0.05974095679394941,0.10704867943215184,May,6,0
990,15.0,15557.340375695958,0.18018930925297794,0.008337141970745593,Dec,2,1
991,76.0,1004.0462098948435,0.018421821758194123,0.025198002167294342,Sep,3,0
992,7.0,814.121936303393,0.006266994766823642,0.017866664357280994,Nov,2,0
993,139.0,9601.239511237964,0.14417793817245295,0.19098390775504404,Feb,3,0
994,550.0,11516.660147209364,0.13910343171239217,0.05270538836630473,Mar,4,1
995,191.0,40816.338001922944,0.11119486280479828,0.09071758090188832,May,5,0
996,550.0,20412.40386514,0.13388551197661078,0.13020603179011325,Sep,4,0
997,643.0,22244.50509573795,0.183845297784474,0.13213468178204563,Sep,7,0
998,537.0,19747.92977122575,0.060323780557681395,0.010920679752966546,Jul,6,1
999,544.0,41621.52188552392,0.16240100115781517,0.007687283624568463,Feb,1,0
1000,655.0,31738.74949986349,0.0601762389551016,0.14147895739244776,Mar,7,1
1001,596.0,42877.94680981156,0.16420336111327186,0.16859999987239127,Mar,5,0
1002,398.0,29239.75815180039,0.13683281944517264,0.13791451759153306,Aug,7,1
1003,187.0,14868.193133809764,0.18625703917865746,0.10776566064474491,Aug,8,1
1004,453.0,28543.25518747667,0.196981039514308,0.057282830172037745,Oct,2,0
1005,365.0,17193.30995262473,0.0015071913656912778,0.04903468121636086,Aug,6,0
1006,355.0,3967.638645967254,0.04693291544005378,0.14012663450550994,June,6,0
1007,600.0,884.5329939149987,0.14423604464948447,0.19396058937007887,Nov,4,1
1008,600.0,18034.130101545732,0.1817238468644317,0.13309314952017737,Nov,1,0
1009,681.0,524.4724261872444,0.06965654331248668,0.06885744175861404,May,4,1
1010,445.0,26028.552895694294,0.1038011141482229,0.11490527379172757,Aug,6,1
1011,526.0,4070.354153187128,0.013635285215051095,0.09366657220654011,May,3,0
1012,31.0,42940.17111448662,0.19408890679180218,0.10916201814281973,Jul,3,0
1013,222.0,5717.304603772967,0.043622632137365405,0.04886466405827815,Aug,2,0
1014,442.0,32430.11210770236,0.08824801419727958,0.1792528851580507,May,2,0
1015,285.0,24107.442364300885,0.02233810075137517,0.10120155686454722,May,7,1
1016,33.0,492.48449719681184,0.039872445148552475,0.06469655995995541,May,2,0
1017,30.0,1575.3110689774946,0.0038973874826263816,0.008882503143562872,Mar,2,1
1018,688.0,576.7220288712355,0.02457139595750641,0.178417379044256,Dec,6,0
1019,383.0,29849.65657969951,0.04241051303181271,0.016088459289670155,Nov,8,0
1020,136.0,19426.974915027677,0.19940712622178777,0.17767887085912426,Mar,3,0
1021,175.0,9672.384324422612,0.14167340484645743,0.1267419043641998,Oct,2,0
1022,461.0,8308.409556429498,0.001308564017175417,0.1483160937722059,Dec,4,0
1023,524.0,13476.2210414596,0.13962351909478238,0.055323070494010064,Dec,8,1
1024,295.0,403.34999870864016,0.13704333072558664,0.10710083421213253,Sep,1,0
1025,166.0,37134.09449685576,0.033718773046264125,0.07077347414965197,Jul,5,0
1026,141.0,7394.087932190186,0.06488984293897763,0.049559068530322756,Nov,4,1
1027,46.0,1685.4396665774705,0.013169198462489139,0.012476110220871002,Nov,2,0
1028,8.0,1169.7741128500734,0.01143360142244252,0.026060630572698987,May,4,0
1029,289.0,41417.48170366946,0.05609857160295115,0.09761857744122723,May,8,0
1030,84.0,5224.990232873711,0.008570677016736084,0.008675503271077254,Dec,2,0
1031,58.0,18130.477291347735,0.11732149728804644,0.022245155762094466,June,1,1
1032,27.0,1438.8698759279978,0.0009748639877930243,0.015633628170295052,May,1,1
1033,78.0,427.2984185315315,0.0014774388345131096,0.00029080150712609945,Mar,1,0
1034,10.0,2548.7044084002314,0.0029121921341537416,0.04678584561654574,Dec,3,0
1035,96.0,3642.525199633459,0.02763261420117309,0.014069136914787204,Nov,2,0
1036,80.0,25493.504339188647,0.12456468599622225,0.12704220334507513,Mar,4,0
1037,41.0,2506.8975386240204,0.009137510579668431,0.01791694200211794,Nov,1,0
1038,132.0,37723.77306950165,0.04012838607675196,0.1415763795950553,Oct,3,1
1039,52.0,19975.757855944714,0.13410489883273335,0.09769918095618352,Mar,1,0
1040,16.0,918.6322584535059,0.012906046667536152,0.12367788796303715,June,2,0
1041,632.0,37267.20655870185,0.004286280942272051,0.12728681463055008,Aug,8,0
1042,331.0,2008.8230895727452,0.18672340742562518,0.07025788143896622,Nov,4,1
1043,653.0,24866.864251780262,0.198516759635754,0.11096775049361485,Jul,3,0
1044,274.0,29492.509067039256,0.04005486496632981,0.0439366222948042,Dec,5,0
1045,140.0,20608.816035946136,0.09232007103431353,0.16885185936610927,Aug,5,0
1046,43.0,1509.447913976003,0.0077170450497010875,0.03838176172736081,Mar,2,0
1047,86.0,1296.383518970581,0.010755219028525831,0.011692335901352414,Mar,2,1
1048,202.0,1492.3706449701897,0.0016800863685655144,0.014809909228584136,Dec,5,1
1049,595.0,14306.337101167202,0.11422577835475507,0.10349814355071998,Aug,2,0
1050,323.0,11220.44354705776,0.1969516307356869,0.11496187702043519,Sep,1,0
1051,423.0,28133.707729960457,0.13996883723777978,0.0012395399539492833,May,2,1
1052,614.0,7335.674747060739,0.19770480701286108,0.0718715483780232,Nov,4,0
1053,234.0,14780.87792786506,0.06170322959900981,0.023673058357789288,Dec,5,1
1054,51.0,2343.776922776479,0.0007027435752006831,0.012504933635846881,Nov,2,0
1055,43.0,786.51049166823,0.019782697334745032,0.07139255813388473,May,2,0
1056,18.0,1395.840768483302,0.018577124180926878,0.01831877105424504,Aug,3,0
1057,11.0,1220.3925055146344,0.012891714733364593,0.04963936892227889,Dec,8,0
1058,18.0,2609.4257436749276,0.007244223733464839,0.00959080621264302,Aug,7,0
1059,135.0,4898.661917236909,0.0033507601717775045,0.024972613729369868,Nov,2,0
1060,171.0,42773.27637161723,0.17437497195963175,0.19409410736511354,Feb,7,1
1061,147.0,32487.438043980885,0.007441514131163977,0.021568801593119212,May,3,0
1062,415.0,39191.55944346217,0.00393854176797794,0.14116180381501486,Oct,2,1
1063,439.0,8528.719619367437,0.06632859615305685,0.07065784964930279,June,2,0
1064,180.0,35026.03665801265,0.0659974859160101,0.016458878277387262,Jul,5,1
1065,118.0,17825.190009352988,0.1890435158072129,0.016126032207440747,June,2,0
1066,87.0,1548.5268086764095,0.005568289197808563,0.0039001960836247862,May,2,0
1067,590.0,5404.902641007084,0.05888995988501459,0.16331198467540145,Feb,4,1
1068,252.0,3136.6110976368286,0.02067073953046848,0.11290149807075382,Dec,2,1
1069,47.0,1197.7802108902133,0.0020096511725107664,0.08973306807622593,Dec,4,0
1070,140.0,175.46142639859423,0.008421967663495008,0.024961537709772975,May,2,0
1071,120.0,21791.475289907892,0.08675058608746096,0.1701774138568054,Aug,4,1
1072,72.0,14147.857802839231,0.1614807435119257,0.04102557469342805,Aug,8,0
1073,28.0,372.7893688074689,0.005025324698626938,0.022517561584381347,Dec,1,0
1074,32.0,958.9598904757613,0.00867726165997516,0.011235359002971452,Dec,1,0
1075,624.0,6248.428023614494,0.033758726962561554,0.1905394246848362,May,3,0
1076,561.0,34425.67560873444,0.14323662901427084,0.09437548447974246,Sep,6,1
1077,302.0,39862.03091995991,0.17300599895106855,0.10297113874986483,Jul,1,0
1078,658.0,12073.331502559748,0.15272373652342464,0.0947368665271701,Aug,6,1
1079,356.0,34516.958857327525,0.1154468816739759,0.14550307965415935,June,6,0
1080,701.0,33721.82062535366,0.11566259623773238,0.0005892042629743774,Oct,3,0
1081,466.0,285.82527685104145,0.07171579021040961,0.16965152969138478,Aug,3,1
1082,577.0,38699.994198567525,0.10898549821077055,0.0687445518291111,May,5,0
1083,237.0,11959.017784906728,0.18031304941404516,0.10891229472702225,Feb,4,0
1084,497.0,17365.682963990595,0.13778434370974257,0.07481741492258911,May,7,1
1085,27.0,37481.7220966453,0.09738331931867299,0.09354186694744489,Mar,3,0
1086,16.0,1486.14146712143,0.01015886365627109,0.0016191702677128463,Jul,3,0
1087,440.0,42343.0660399301,0.19140617530330564,0.05773185820946545,Sep,2,0
1088,201.0,20420.762718421887,0.01652188454668438,0.06390686434424112,Nov,2,1
1089,568.0,29130.465467803464,0.14772434775763135,0.036310695290399715,Aug,2,0
1090,22.0,29155.480282517427,0.18250339341055893,0.1922531765291906,May,3,0
1091,25.0,1655.8105336769745,0.012556472669741485,0.02613757493514357,Nov,2,0
1092,21.0,2753.912246469174,0.007565960162548177,0.035196394853703336,Nov,2,0
1093,40.0,819.7217722325839,0.0071196678796413655,0.009578719125431172,Dec,4,0
1094,584.0,8656.954507464712,0.16312758339681085,0.1279697842072717,Mar,1,0
1095,35.0,299.0213633244919,0.00232411450177178,0.005005439140753555,Sep,2,1
1096,176.0,2587.9085579313182,0.09526810273489644,0.16382545608186147,Sep,5,0
1097,118.0,4610.013645371129,0.024006010236091835,0.040556393853729354,Sep,1,0
1098,304.0,36752.49683164609,0.03653441598691758,0.10828747871143826,Sep,1,0
1099,11.0,1973.210542473252,0.008657995746847499,0.017224711686578867,Dec,2,1
1100,126.0,20908.803158205883,0.17351094778096246,0.14464898729526152,June,2,0
1101,229.0,18568.581377103277,0.14624265147407856,0.14809732177837048,Aug,6,1
1102,469.0,30638.170501443306,0.09690223455535042,0.005040435910134582,Aug,3,0
1103,602.0,787.5045207274903,0.04968261888086824,0.1885549632474698,Mar,5,0
1104,46.0,3609.235235248955,0.012433588771862408,0.00602250139438772,Dec,1,0
1105,450.0,26138.201165408587,0.14709253541071815,0.04390623602266349,Nov,7,0
1106,303.0,15786.300303004375,0.12646850765519252,0.10343085312213479,Mar,2,0
1107,469.0,6486.547386301489,0.05445145805437046,0.10667589654888734,Dec,3,0
1108,549.0,38777.91773159174,0.09974646789620419,0.1754882219186275,June,3,0
1109,661.0,2208.8268499205797,0.03703065024869599,0.09516715884047028,Nov,4,1
1110,87.0,2722.265836598307,0.0013930175193569087,0.0024317035995969714,Mar,2,1
1111,28.0,1538.6267411319577,0.044836622475831,0.04173202820040574,Oct,4,1
1112,651.0,25758.085539561773,0.08329432593338419,0.06468889165885075,Aug,6,0
1113,442.0,25536.31083889204,0.009963630037157457,0.1669184241262522,Feb,3,1
1114,547.0,33157.350685090525,0.1412310229216577,0.12859324183571977,May,4,0
1115,592.0,32164.26506874289,0.14663461355575313,0.15342440321475329,Feb,5,0
1116,546.0,26575.003034710287,0.1657141180676581,0.15791647437233075,June,1,0
1117,88.0,1039.1759092907294,0.0015064048662336823,0.015013756775410706,Dec,2,0
1118,113.0,10083.253829958143,0.12880227085786852,0.19832157676782647,Oct,6,1
1119,173.0,6885.570450006711,0.13471835647900746,0.1601949880400135,Dec,4,1
1120,44.0,134.06907965647446,0.0023180052480301374,0.011525647233836636,May,3,0
1121,662.0,13209.167667270829,0.009038714453793666,0.18604999857181542,May,7,1
1122,604.0,27032.668223915753,0.04132500479985529,0.1962738933584914,Feb,4,0
1123,549.0,10744.459709232491,0.12183702243380402,0.1560213598532988,Dec,8,0
1124,21.0,40009.94338567494,0.09767157010337854,0.15575636128747644,Nov,8,0
1125,49.0,36226.37564952338,0.1796055010194703,0.006097389257578365,Sep,8,0
1126,493.0,18210.909430600655,0.0885235278511663,0.10843946683397145,Sep,4,1
1127,572.0,7629.752144993307,0.054119427626606605,0.10939484453685111,Nov,4,1
1128,9.0,93.43390721010164,0.005696160676601165,0.035792210687386736,May,2,0
1129,447.0,24678.14491204347,0.01748715700607768,0.05448694052027336,Dec,2,0
1130,311.0,27827.417987123834,0.1757509989044628,0.09596057397604316,June,3,0
1131,91.0,10774.121724644614,0.138707164831043,0.07768034415940524,Sep,6,1
1132,547.0,26783.162129635308,0.1723579979828948,0.011024895698066322,May,4,0
1133,600.0,30854.747144684803,0.09220612459345984,0.08913591702310493,Oct,8,0
1134,167.0,26853.194301837404,0.09981156059412201,0.17096493294360748,Sep,2,1
1135,518.0,32784.959369264194,0.08203319358277619,0.05898943458276583,June,3,0
1136,250.0,9497.283229102828,0.011143472873719607,0.08282925386470931,Aug,1,0
1137,6.0,4018.0831361595556,0.049399137900500406,0.05002473580098181,Dec,2,0
1138,498.0,41565.0408730215,0.19905435428946686,0.16798215539708816,Jul,3,1
1139,625.0,35650.02291882486,0.1488690276067833,0.18541382420788616,Dec,8,1
1140,358.0,36811.538296727296,0.06347938420113874,0.15360715149383783,Nov,2,0
1141,580.0,33454.928318778555,0.008176246613971093,0.09034690389253168,Feb,4,0
1142,2.0,646.8154543810662,0.0029398748488690812,0.0059582469707794225,Mar,3,0
1143,340.0,3032.5767659718526,0.179619631253626,0.183680183384163,Sep,8,1
1144,44.0,214.28351426542756,0.013202967323938681,0.01067422705120318,May,2,0
1145,21.0,2582.7593121898626,0.0036507089287781402,0.01630932642473863,Nov,3,0
1146,266.0,13434.414357196209,0.006940212138069461,0.08079302804712618,Mar,3,1
1147,542.0,24327.53300923614,0.11586487227031522,0.18094772379399335,Feb,2,0
1148,304.0,2322.66269883719,0.14383275076500107,0.14820384867263775,Dec,8,0
1149,502.0,6976.125280445771,0.0773482941168019,0.007938958910970817,Mar,3,0
1150,43.0,1793.54035904753,0.0008332121804037278,0.009730972915098387,Oct,2,0
1151,500.0,8876.223146749384,0.12033091394450295,0.05025362520614996,Sep,4,1
1152,37.0,2066.860188796385,0.0010797018498195647,0.02630196147162084,Dec,2,0
1153,16.0,723.6860846006196,0.0008057679954487244,0.004754219174749238,Mar,2,0
1154,577.0,25560.91518701064,0.18893721272832384,0.16870877708498933,Jul,7,0
1155,141.0,39963.4402896605,0.1357674283088392,0.1636403233509255,May,4,1
1156,25.0,652.1882889640971,0.01010111663934579,0.026021647430576042,Nov,2,0
1157,520.0,22166.524978471287,0.002659929458821231,0.030259763482866575,May,7,0
1158,107.0,13093.467348780374,0.18306604970205154,0.16668066116256222,Mar,8,0
1159,22.0,971.3565525408276,0.01162536598024412,0.04749099723429639,Nov,2,0
1160,676.0,30140.365855754957,0.06429865344278587,0.17570446157753924,May,4,1
1161,104.0,18627.687020024467,0.18678191845739223,0.13271619729637227,Jul,8,0
1162,349.0,9186.59792770416,0.024108617623144656,0.12537264663041942,Oct,3,0
1163,43.0,16322.711621275485,0.0719185120001684,0.09412966029414375,Oct,8,0
1164,26.0,1389.4707524839466,0.010923927163415089,0.007635192512996405,Mar,4,0
1165,266.0,29658.416533102347,0.06754217669853577,0.04449969720652007,Feb,8,0
1166,517.0,22157.582450559967,0.05762472457092414,0.1433737797641129,June,6,0
1167,30.0,35661.5417465989,0.1195046778234724,0.10040371532343496,Oct,1,0
1168,327.0,4612.23355089299,0.08512685756717449,0.02392479784981901,Dec,6,0
1169,456.0,14876.479256322662,0.16247145120942,0.09601957806748672,Oct,2,0
1170,38.0,421.7001841726582,0.00044303352587322063,0.003411542632617395,Mar,2,0
1171,29.0,954.1242849621116,0.0039425326842017746,0.000696406448857454,Aug,3,0
1172,376.0,2053.828075934559,0.03485719150200786,0.15380302083929234,Dec,5,0
1173,26.0,2622.0143139885013,0.007393728005891494,0.037801422651785675,Oct,3,0
1174,16.0,2730.065814645954,0.007873910892587477,0.0067121990937369265,Nov,1,0
1175,31.0,1293.0044509042664,0.18678641496112391,0.19883602667643346,May,1,0
1176,4.0,2848.65166567828,0.006686003357575025,0.03254004120634547,Mar,3,0
1177,20.0,68.72677853019749,0.0023998967684417806,0.007412802342700311,Nov,2,0
1178,185.0,35790.368995051045,0.038440006296585144,0.12848655107581577,Oct,8,0
1179,336.0,18211.501031973035,0.16732631638060072,0.1482595464312589,Nov,4,0
1180,536.0,23254.70608661185,0.10782843440515512,0.17148014249727803,Jul,8,1
1181,343.0,15865.373741402847,0.07241980217370961,0.13297529425600652,Mar,6,1
1182,29.0,2256.1631991009203,0.004828552612287975,0.025436662888531095,Nov,2,0
1183,87.0,37041.38593184024,0.18524660026763823,0.19998376334684123,May,3,0
1184,15.0,33457.23253895601,0.023095037256373734,0.036632574040832304,Sep,2,0
1185,356.0,19167.695520705383,0.055645124185586654,0.15506936629008333,Jul,3,0
1186,1.0,42977.2909940105,0.1342135434225728,0.11927120070818767,Jul,2,0
1187,669.0,16980.0378010273,0.17875904077360347,0.0910419058314201,Jul,5,0
1188,67.0,2849.651917577626,0.0187735512546654,0.0476584459648397,May,1,0
1189,688.0,4708.976861978781,0.19879742821887086,0.12402174541187772,Sep,4,0
1190,41.0,23843.904384950943,0.05697891433230267,0.12489522199657949,Oct,2,0
1191,136.0,18622.23459148221,0.1013936411098384,0.05976169520524037,May,1,0
1192,24.0,839.4505259357569,0.012319955104806383,0.01718823109905341,Dec,2,0
1193,59.0,589.7154441095435,0.01823115571124737,0.022554736483144357,Sep,8,1
1194,86.0,2427.1028272800822,0.022543032539811977,0.032085414946658626,Dec,2,0
1195,134.0,37025.133305043295,0.15206838221308244,0.1399625453502593,Dec,2,0
1196,601.0,11051.46194376559,0.16628784807444882,0.03881209531563799,Aug,2,1
1197,313.0,30182.136726340384,0.07506089911476971,0.005244708229946261,June,3,0
1198,30.0,2026.2437261153575,0.030466862840188076,0.016215090587355468,Oct,2,1
1199,65.0,9079.09139593606,0.1804555402202585,0.07151430731534536,Sep,8,1
1200,215.0,5554.1900331519355,0.16599720872883791,0.025133626359818115,Feb,6,0
1201,534.0,17289.59726611153,0.06043163797791056,0.01307446702959757,Nov,7,1
1202,80.0,5586.310872509324,0.011022131132601108,0.011044793132696334,Nov,2,0
1203,558.0,42186.28679341321,0.18189541246744134,0.16000122018278573,Jul,6,0
1204,296.0,8903.146902678705,0.14176302220398437,0.15374075278484717,May,7,0
1205,411.0,5959.434353500716,0.07400942424178115,0.08343445603622059,Oct,1,1
1206,5.0,1971.3282531006637,0.0006286874022668609,0.019166867775247412,May,3,0
1207,662.0,33431.79335947191,0.0017501419643380998,0.07527602032059601,Mar,7,0
1208,197.0,15705.03989159868,0.06162133858414584,0.16148770231457296,Aug,2,1
1209,14.0,810.0481983822444,0.002177382142413785,0.01591211484480605,Dec,2,1
1210,302.0,21414.25192254037,0.19738055104704147,0.11567157165096079,Dec,8,0
1211,206.0,5126.446697120988,0.11701003902773326,0.08576554950396623,Feb,2,0
1212,372.0,6892.2809177460795,0.0698124826098073,0.10208597950077153,Sep,7,1
1213,614.0,8282.047370291146,0.19171830774685633,0.07179392779181935,Nov,1,0
1214,605.0,3163.8242451514284,0.06809651922490728,0.0010607341652905096,Dec,7,1
1215,387.0,34227.427133167075,0.15532831694675536,0.09385330509843157,Oct,1,0
1216,249.0,29547.450013907397,0.1406986549381343,0.12081770924007301,Feb,4,0
1217,22.0,1624.1883008135262,0.008014970420329821,0.025997972304231756,May,2,0
1218,21.0,830.902907517253,0.0010812026015689796,0.010031242351295237,May,3,0
1219,121.0,18784.227117192095,0.06380238618731753,0.11633379429951553,Aug,3,0
1220,2.0,931.5488485977115,0.008426720951493636,0.024630942421330425,Mar,1,0
1221,75.0,14764.483063096981,0.12782736723696236,0.10009911738558712,Oct,4,1
1222,96.0,29840.07565861031,0.0009491527164148754,0.007097452802536659,Mar,2,0
1223,525.0,24122.356080479658,0.08922966974687284,0.03534568695606158,Mar,4,1
1224,671.0,5083.474052719086,0.0027786144189091144,0.1839142575037076,Aug,4,1
1225,24.0,19797.17351634986,0.12471340543146028,0.0710361781830946,Feb,1,0
1226,410.0,30009.045667363316,0.049506085567126115,0.07114509538481285,Dec,1,0
1227,237.0,12032.332076256522,0.005892689572856199,0.052344191493821704,Mar,3,0
1228,48.0,1697.7057582008229,0.0071489996389953675,0.016951093637720675,Mar,3,1
1229,677.0,37481.23013911698,0.15376990536148713,0.03543957177375539,Jul,1,0
1230,11.0,2229.8194268313414,0.009828405872898387,0.04668961891989169,Nov,1,0
1231,269.0,1064.4027415443088,0.061980258348706366,0.006226199232353393,Oct,4,0
1232,38.0,1086.8554078258785,0.052458898040401505,0.06849369045222228,Mar,2,0
1233,43.0,1428.5976497239294,0.0038048947648748905,0.019618531256182563,Mar,4,0
1234,187.0,21172.130440399196,0.11705849607351529,0.0708721175391549,Oct,4,0
1235,45.0,1168.6393207611534,0.009557478280109735,0.011085418541751435,Dec,8,0
1236,246.0,29914.685913433703,0.1350299872087584,0.014615782427377669,Aug,1,0
1237,27.0,1550.0507561140773,0.19796082422388295,0.19848914970706336,Nov,2,0
1238,100.0,37513.07027965151,0.0384470178658228,0.09264107723555841,Sep,2,0
1239,308.0,22912.964726881968,0.19798027893408057,0.109193138674861,Dec,6,1
1240,80.0,7713.649055000479,0.03072302261359504,0.06497250835587799,Nov,2,0
1241,30.0,941.9212207523497,0.009943582280225138,0.02438441656071721,Dec,8,1
1242,657.0,13783.326105034359,0.1504290693276832,0.0981376630096755,Aug,2,0
1243,206.0,8072.802199136209,0.014490742880546737,0.08316517505913855,Oct,2,0
1244,255.0,34240.375913770076,0.0032863323399538865,0.01837883647520086,June,7,1
1245,418.0,6736.53929358962,0.09110948693289184,0.03740778872550671,Aug,7,0
1246,38.0,1506.3325212242498,0.0010787458078293074,0.023544836382943673,May,3,0
1247,103.0,23897.447335039935,0.010029274019730826,0.02195315370899336,Aug,4,1
1248,19.0,15433.50871255004,0.13771379610801315,0.110054381889493,Aug,3,0
1249,365.0,13210.843128931636,0.13001000852084854,0.030663609505939677,June,3,0
1250,3.0,2014.4771207422393,0.005557521039051293,0.10345631915782971,Sep,6,1
1251,367.0,11184.630381452294,0.19367201203998194,0.1565952853480018,Dec,3,0
1252,183.0,31316.62770240239,0.1252645890523571,0.0831938971550777,Sep,3,1
1253,30.0,18671.35047907468,0.12388431486853609,0.15531659902989334,Nov,1,0
1254,476.0,26567.89416967516,0.07099922233275875,0.08243865126936048,Mar,8,0
1255,308.0,20878.270600120253,0.12554898412421056,0.09511179720977253,May,7,1
1256,7.0,2518.7514216680115,0.00285346761157636,0.011855828469103987,Nov,2,0
1257,700.0,24552.430577034844,0.16614372319646192,0.10558181773390547,Aug,2,0
1258,576.0,40879.638797741034,0.17721343592388727,0.1405229121912721,Nov,4,0
1259,96.0,9377.65191143072,0.09201368115609351,0.019455426829238846,Dec,3,1
1260,21.0,4793.919841584435,0.001658356455253718,0.009686828654902429,May,3,0
1261,11.0,801.2093274053842,0.0011029047465985662,0.03607735715481274,Nov,3,0
1262,88.0,1668.3391824739351,0.00657468727735571,0.011278935595227432,Nov,1,0
1263,8.0,2020.7952258162927,0.007440278554228439,0.02297744587562542,May,1,1
1264,6.0,4151.309024883793,0.056836660707559085,0.088323155078131,Jul,2,0
1265,253.0,16495.017376386182,0.05453836601278927,0.1979155788568488,Mar,6,1
1266,256.0,14349.68840596097,0.09532844489338058,0.06757736729131292,Sep,3,0
1267,636.0,34059.98957110057,0.16841299608389493,0.02247767258790469,May,8,1
1268,468.0,5587.024900902183,0.027567136094262364,0.012875934888433532,May,2,1
1269,301.0,20504.58508182847,0.0752536638972661,0.08367468532302917,Nov,3,1
1270,323.0,5027.401238090941,0.13514434773804795,0.08122890575753156,Sep,3,1
1271,100.0,2907.851611116427,0.006324819157523798,0.009223991166921087,Nov,2,1
1272,23.0,129.99938348430544,0.001889761676673804,0.02009391606055368,Oct,1,0
1273,700.0,37359.98023203526,0.08316934968653387,0.1948148989685989,Oct,7,1
1274,603.0,13422.786874963356,0.01635920220465117,0.18720974024122475,May,5,0
1275,30.0,1342.866404165203,0.0018763167055056837,0.007937215047693612,Dec,2,0
1276,380.0,39173.56240221682,0.18720455569468653,0.07759902210538575,May,7,0
1277,517.0,30499.58123342547,0.016354613830486225,0.02547273642112629,Sep,5,0
1278,17.0,12233.890571738377,0.18412595148068803,0.14231202630099285,Mar,3,1
1279,454.0,12291.121739625989,0.09478234638479084,0.19999811330307982,Mar,4,1
1280,52.0,40075.61548973129,0.09865975603454687,0.1449540262540247,Sep,3,1
1281,569.0,2628.799109306597,0.030231223733439207,0.17565836577973645,Mar,1,1
1282,677.0,29450.05680642758,0.11577647338496841,0.004836980201028291,June,8,0
1283,648.0,38063.655682739365,0.08187184101247595,0.1436421925172335,Sep,5,0
1284,130.0,9967.95643540011,0.08239841753245891,0.1062268555755287,Mar,3,0
1285,65.0,40266.3282962782,0.021764863238342015,0.05157702320378558,Feb,7,0
1286,12.0,2177.619352401633,0.0018320790472580114,0.03065618712969023,Mar,1,0
1287,74.0,2175.903183213034,0.0036283619203395486,0.004909155944412345,Mar,1,0
1288,21.0,2596.7452749243566,0.06299155970397305,0.019927887145465877,Nov,2,0
1289,294.0,32795.675858546514,0.03111240052518313,0.10649866555619118,Nov,3,0
1290,6.0,1421.5149118011543,0.006057937936686843,0.03316079934062696,Sep,2,0
1291,50.0,14334.98324792281,0.09654106885435446,0.031625791138665545,Sep,3,0
1292,4.0,465.0765027903621,0.009307108184870174,0.0456037076682365,Oct,3,0
1293,37.0,558.0475563056087,0.004538650103873231,0.025343431507207324,Dec,3,1
1294,45.0,1757.4642847995747,0.013311944565746265,0.02245588361022481,Oct,1,1
1295,367.0,42388.097306756295,0.18814872275032474,0.10232382744000236,June,3,0
1296,502.0,35734.3721134993,0.19362325170766914,0.17074838927559732,June,6,0
1297,115.0,22029.724360763055,0.18159663477768143,0.14806490780852502,Sep,1,0
1298,13.0,37529.54065416441,0.10067280647068202,0.0952345488799048,Oct,1,0
1299,539.0,34823.39364533013,0.04419350634776447,0.10090995324242569,Oct,6,1
1300,160.0,41649.76817191894,0.16248501093326337,0.009778079129709807,Sep,5,0
1301,462.0,21333.718034172758,0.15095126018957986,0.04905451241218487,Dec,4,1
1302,327.0,36222.48383296055,0.013366701696579907,0.0009506384543827818,Oct,1,1
1303,254.0,28234.37366448774,0.17566833492490636,0.0915525476069604,May,5,0
1304,671.0,38079.51856058396,0.033782555958270996,0.18345010239941292,Feb,7,0
1305,645.0,37443.50365669244,0.12794392917947026,0.016133231443813137,Sep,5,1
1306,701.0,308.10790903740485,0.12426737558152232,0.19323462372878647,May,8,0
1307,46.0,73.23730115863773,0.0009473774266325815,0.0015118630988472505,May,3,0
1308,46.0,2012.3556390236972,0.0064065539339273414,0.03492944167428297,Mar,2,0
1309,648.0,22755.298543275043,0.1268149709306103,0.018561329697046935,Dec,3,0
1310,39.0,193.98961711155212,0.020435107232050796,0.04441872196257949,Nov,2,0
1311,22.0,38312.677288053914,0.08261836337596101,0.09681191669864038,Jul,4,1
1312,80.0,5570.910465618079,0.13180905426585918,0.09609947272652618,May,3,0
1313,57.0,1453.6761707873302,0.0008281575307422839,0.020684453323570537,May,3,0
1314,47.0,1377.324172610828,0.012942565151507261,0.0014816998186716172,May,1,0
1315,340.0,7155.976426321537,0.07434758020675585,0.09419116893443456,Sep,7,0
1316,36.0,399.75147263024985,0.0754474112002187,0.11607360906502827,Dec,3,0
1317,695.0,37211.49384899029,0.1872510170174646,0.1834532110828134,Dec,4,1
1318,417.0,33291.43140035816,0.019043325510237706,0.16771044278803068,June,1,1
1319,581.0,31724.860482891196,0.1846021755476658,0.12466687318670912,May,5,1
1320,70.0,41513.94169400838,0.13490331817402546,0.008508018078637434,Nov,3,0
1321,1.0,719.1512352586227,0.006083503577628317,0.022754442278360223,May,3,0
1322,41.0,2702.3281444337085,0.006294216880512244,0.016102415100134167,Dec,5,0
1323,27.0,2584.08671871112,0.0282699865057079,0.1379993027228832,Sep,1,0
1324,289.0,1956.0957467353976,0.14056911762460614,0.1283084512972513,Aug,2,0
1325,392.0,30290.01926685625,0.19390486000773466,0.11697119091330743,Aug,7,1
1326,253.0,185.628045792028,0.0676527252087863,0.10096985990419682,Nov,4,1
1327,69.0,25947.003751017386,0.06287755989532612,0.0921399470558782,May,1,1
1328,14.0,548.6175511490871,0.01025647134336338,0.10025787970836532,Nov,1,0
1329,59.0,10458.450155999495,0.04756706540770763,0.13942359900076678,Nov,2,0
1330,213.0,1527.0504513263907,0.07299941256115275,0.17933436395429514,Mar,7,0
1331,82.0,2542.8869160231116,0.0024612265701977284,0.020570042838774005,May,3,0
1332,680.0,37412.36048909976,0.007538472416135571,0.008582264968499972,Oct,3,0
1333,21.0,2862.457747466326,0.0003759473452779953,0.01877408193663893,Sep,1,1
1334,206.0,31067.57754670384,0.19384301855258287,0.08248394311468545,Aug,6,0
1335,702.0,17368.272268892313,0.19486464723491884,0.07452851066868195,Feb,7,0
1336,365.0,12170.41453811758,0.07593799479155199,0.17486024056839006,May,6,0
1337,32.0,1759.656188719466,0.012251620851866816,0.0738495662876542,Nov,2,0
1338,3.0,2195.215280356303,0.009354914399901406,0.03301660968682944,Sep,1,0
1339,36.0,336.2378241829798,0.006382459568746999,0.028701314439865733,May,1,0
1340,631.0,29905.31826622447,0.10052105303367959,0.018440252613514507,Nov,4,0
1341,456.0,12128.243209914892,0.07081319698287752,0.1425214044931075,Aug,6,0
1342,22.0,2200.583089853835,0.00982882862772438,0.012995107996373411,Oct,2,1
1343,4.0,2258.2066850925626,0.010075239012184238,0.0004021397670863595,Nov,1,1
1344,120.0,24987.020910860185,0.007714130760130623,0.018999412249886695,Aug,5,0
1345,34.0,25724.308629699,0.015751599006083458,0.05191511258201812,Oct,2,0
1346,8.0,2120.341684285051,0.006111686744882228,0.011375100545958647,May,1,0
1347,29.0,1285.4017266660348,0.005581899185968237,0.02798700143970404,Nov,2,1
1348,436.0,6921.978312613092,0.10062663745570204,0.12838684669273082,Aug,3,0
1349,1.0,1815.114250573496,0.012992199508208105,0.021659997811259886,May,2,0
1350,613.0,12073.471897306299,0.09261378938005461,0.17598772791128978,Dec,2,0
1351,18.0,1446.0149265809237,0.01268984471269269,0.013956312250960168,May,3,0
1352,294.0,6218.230497330047,0.0971447167906174,0.1754421836727336,Dec,1,0
1353,243.0,3900.0747220609887,0.11265264679100168,0.02718606070151643,Nov,4,0
1354,579.0,40802.94787210175,0.17582114181601688,0.0425265601671477,Nov,7,0
1355,554.0,7468.995444554654,0.0005546002781860156,0.03703367977677807,Aug,5,1
1356,24.0,10234.583913964096,0.03990986675945259,0.016502395655214046,Nov,2,1
1357,403.0,38473.103291002015,0.00742651124313347,0.10638537189145186,Jul,2,0
1358,277.0,3546.2971047168453,0.15113749515321961,0.10415260541246232,May,2,0
1359,11.0,1984.683049953885,0.01245303215634512,0.04734362748685578,Mar,2,0
1360,42.0,1613.7051570484336,0.005891661568903065,0.002913886353284346,Mar,2,0
1361,126.0,29041.42390089916,0.11178931188487648,0.07064997889931814,Dec,2,0
1362,504.0,31398.069295118425,0.007931793283721005,0.0033156971789742493,Aug,8,0
1363,43.0,421.61651587064915,0.01157079052574006,0.02208849965536474,Mar,2,0
1364,618.0,12688.366193142907,0.05672510420865266,0.017900355003556367,June,3,0
1365,630.0,35426.622499790734,0.009526908837312269,0.11797832009963595,Feb,5,0
1366,307.0,25418.28418874936,0.11768176929484901,0.0834836863852055,Dec,5,0
1367,354.0,39720.72709645239,0.1677459549236794,0.15168683964164742,Nov,2,1
1368,46.0,532.0558437793626,0.010551514409583485,0.029595322882991066,Mar,1,0
1369,199.0,42184.36533125923,0.055973261414202787,0.034787457994959,Dec,3,0
1370,13.0,460.96775393589894,0.002265166809166866,0.0343374397879127,Nov,3,0
1371,84.0,17818.8262989258,0.18035294592971482,0.02347226559500291,Aug,2,0
1372,37.0,2744.2907634086496,0.005434542398892076,0.009140449143616317,May,2,1
1373,203.0,24353.42125163571,0.17436630123663888,0.14696212366593106,Mar,6,1
1374,2.0,2215.005341926848,0.00656477082229708,0.00732611491225384,Mar,2,1
1375,164.0,5040.050116613682,0.08559855699725342,0.1495480010051349,Oct,7,1
1376,449.0,22773.501625062065,0.19099612136088942,0.08939354360493101,Dec,2,0
1377,40.0,2701.0835752305557,0.006904030669636522,0.04356199972547413,May,1,0
1378,27.0,1754.3153186753302,0.007668768873037656,0.05323987870681608,Jul,2,0
1379,26.0,390.41330313546933,0.00010867488587794702,0.020034934619053577,Dec,1,0
1380,37.0,139.0788966729979,0.010500889505030286,0.0048008973791170495,Mar,1,0
1381,642.0,7427.10955048099,0.10026401156571457,0.020442455858421964,Mar,4,0
1382,29.0,1576.9814476202923,0.005176099549310346,0.025173060264703992,May,7,1
1383,377.0,24192.343241995703,0.15554268049677808,0.10033861002029204,June,1,0
1384,268.0,30672.089679436758,0.15540872009983647,0.19013837137968093,May,5,0
1385,68.0,19609.002249013447,0.12958557643668503,0.1277453237242034,Jul,2,0
1386,495.0,20743.684631084114,0.06258469663044733,0.13980009913977917,June,1,0
1387,25.0,16030.966860573144,0.07048949346709728,0.1254643640853945,Mar,3,0
1388,272.0,8570.748137685103,0.09123115056313023,0.11574667364063689,Nov,8,1
1389,8.0,44.114329488841456,0.006140519452340939,0.021383967871766482,May,1,0
1390,41.0,31025.348217754272,0.16965080859177295,0.04340092363556305,Mar,2,0
1391,336.0,39621.319206741595,0.15506528831729982,0.023674257624767353,Nov,2,0
1392,180.0,15387.410986246712,0.17577065701968406,0.11509957406939993,Aug,8,0
1393,134.0,21754.378538786415,0.13865106014185324,0.05597607679654475,Nov,1,0
1394,2.0,8356.722311240528,0.16980773556897624,0.19121836357738173,Aug,3,0
1395,261.0,11779.267820993744,0.06492936887796116,0.19330138871540775,May,2,0
1396,180.0,24696.02344818063,0.029838789635855817,0.0748205860205555,Jul,5,0
1397,203.0,1741.9327354157863,0.16107501726643483,0.15584475696609773,Dec,3,0
1398,430.0,20571.33689621662,0.19314069494653624,0.06980385720023849,Oct,2,0
1399,561.0,12727.428696478575,0.16798526361712438,0.18426203130160598,May,3,0
1400,10.0,628.0948765415453,0.006192511809181416,0.019726192340940966,Dec,2,0
1401,329.0,34035.41782789364,0.007018247703266204,0.0036471071747854705,Oct,2,1
1402,580.0,43124.00920766344,0.10591127982203961,0.007532412509223753,Jul,7,1
1403,91.0,5050.39872737414,0.12155840834047558,0.10012105824846142,May,6,1
1404,26.0,1413.0857765145552,0.009192531516466965,0.028101929429906615,May,1,1
1405,615.0,11789.27155382429,0.08253170861916066,0.11998334717776045,June,2,1
1406,246.0,27341.379447134124,0.13562797977572652,0.1503000379501095,Jul,7,1
1407,687.0,27549.8563510383,0.09208328763456411,0.003345253293932578,Aug,4,0
1408,1.0,1559.5916051767574,0.004138667608791211,0.0021190453059971004,Oct,3,0
1409,199.0,8969.243523694457,0.13882497609227115,0.15777354622487844,May,8,0
1410,17.0,1171.4215286490692,0.002520062760965636,0.012116789312023882,Dec,1,0
1411,5.0,2208.003517515324,0.010129061307436937,0.014865518988605808,Nov,2,0
1412,608.0,6875.501238635559,0.006093925511799835,0.18835922056038182,May,5,0
1413,118.0,1764.8369032335454,0.006954633308477272,0.19102321870185984,Nov,2,0
1414,111.0,30827.455746149717,0.12832919060028794,0.185745093472584,May,2,0
1415,111.0,15697.711151001025,0.07663548117946178,0.03506760006747861,Dec,3,0
1416,569.0,31888.953930384134,0.007368279124288123,0.0913907130723946,Feb,4,0
1417,169.0,15421.745499548091,0.13366200870781772,0.06991942709345274,Feb,2,0
1418,548.0,32212.31477301061,0.13782425515704957,0.10490615865854908,Sep,8,0
1419,35.0,2797.414008450954,0.19598037173644442,0.1925480600123783,Feb,3,0
1420,88.0,29126.34879962678,0.1811675176727312,0.07206369510711,Dec,8,1
1421,464.0,9653.556683536286,0.07788328269775105,0.14422278540405373,Sep,6,1
1422,18.0,1978.1523904477112,6.709236236977241e-05,0.009818140042949241,Nov,2,0
1423,11.0,1953.207210393378,0.0034382405376562264,0.052777789179155626,Nov,1,0
1424,474.0,17704.34113649514,0.08429532500370653,0.09524547096047914,Mar,8,0
1425,33.0,2776.4760622322365,0.010057923496737304,0.010165247987775444,Mar,1,0
1426,265.0,38616.24448076285,0.07307884585753323,0.04404029451829623,Feb,7,0
1427,5.0,994.4753809908747,0.002122122055793295,0.023829034375623313,Mar,2,0
1428,504.0,28856.117200569937,0.03297788694750606,0.1889475641475909,Aug,7,1
1429,324.0,3773.64777170244,0.054137363597501105,0.033671110588637775,Oct,7,0
1430,565.0,42988.395322549004,0.18356500259723388,0.046062830135540425,Nov,1,0
1431,29.0,18507.134912693306,0.10588620089432377,0.014134077894502899,Aug,1,0
1432,648.0,36300.61353056782,0.0025224074932556325,0.04305509377874377,Nov,1,0
1433,223.0,16077.501740815682,0.05984730291077855,0.1544552940490529,Feb,6,1
1434,624.0,8805.654875761438,0.00673456585551993,0.04309407911819973,Sep,5,0
1435,18.0,2635.07945801276,0.0035054182571812387,0.003863137866151192,May,1,0
1436,192.0,24852.70582333352,0.18013153515651,0.12613010003628897,Mar,6,1
1437,621.0,7135.460370141437,0.18903549624991836,0.08195974180713561,Oct,7,1
1438,638.0,5790.7354642301125,0.13219700492273206,0.02288271408105271,Nov,6,0
1439,700.0,18750.68600249799,0.06531898571453452,0.06233308470011542,June,1,0
1440,16.0,295.6661765707432,0.0008117541834484647,0.015308737169353544,Mar,1,0
1441,501.0,29278.955098354363,0.0100617002992417,0.005504786771502315,June,6,1
1442,91.0,13480.255514173437,0.013345995306677471,0.039044402920845336,Oct,1,0
1443,34.0,36058.64447386675,0.0975968275703975,0.0728305535689512,Jul,1,0
1444,574.0,23477.4419693782,0.06746477827991691,0.002950830699269719,Dec,7,1
1445,16.0,1427.665195932948,0.009619438572710578,0.00413006483615712,Mar,4,0
1446,373.0,23348.336984264963,0.1325670620898488,0.04918122585727153,Nov,2,0
1447,424.0,26896.217515779896,0.15720452060840046,0.07205513836116843,Dec,3,1
1448,211.0,15484.836931081929,0.02305944784383057,0.06900649321976236,May,5,0
1449,675.0,41843.112711202855,0.009472939829795041,0.07623231061908771,Aug,2,0
1450,102.0,2019.4405336353368,0.059404658866072685,0.1068422163822905,May,2,1
1451,167.0,11661.010692488278,0.061229827588167064,0.047425639278890985,Mar,4,1
1452,344.0,34235.13677550836,0.1521332593811655,0.18326677888523663,May,6,0
1453,13.0,2495.1348377139348,0.007398994804179699,0.016073293592238084,Nov,3,0
1454,227.0,11365.11593005632,0.09889445737211845,0.008438651381742348,June,8,0
1455,644.0,4097.743017056741,0.10335471003644363,0.13194852799030235,Sep,7,0
1456,700.0,26183.190039580375,0.1893469859495756,0.1721705357553522,Sep,4,1
1457,0.0,16346.8887869397,0.17649832513276723,0.14247875590712067,Sep,6,0
1458,508.0,2891.8538380354867,0.15967306031592418,0.013041979168885378,Nov,7,1
1459,163.0,27910.144558656855,0.07507781306507015,0.021848621261779524,Aug,8,0
1460,24.0,1838.8544907812416,0.19195776296367076,0.19724341427883002,Dec,3,0
1461,701.0,17289.281509838234,0.19194315651498442,0.13173268146302136,Nov,4,0
1462,25.0,2853.8136314074986,0.021927960504175916,0.06123185663982571,May,2,0
1463,653.0,10879.314167357632,0.013207975882882807,0.14648344716976486,Nov,4,0
1464,84.0,1342.2802911139127,0.011109401113015754,0.015811115258485865,May,1,0
1465,379.0,5470.88918268037,0.10852851147834322,0.09388378956885357,May,7,1
1466,511.0,30386.468118027205,0.002827365657434138,0.003728342461528357,Aug,8,0
1467,62.0,29221.930140442724,0.04743227276917217,0.0665318067513139,Sep,8,0
1468,260.0,6906.353536905812,0.08635107120391755,0.10574723377775937,Mar,3,0
1469,635.0,11225.047265218796,0.06316124669638806,0.07085156596537896,Sep,7,1
1470,547.0,29126.435621242304,0.13773637009024658,0.12599528518024533,Feb,2,1
1471,567.0,6545.7257158202565,0.07832633916876566,0.07661333525752427,Feb,4,0
1472,636.0,3152.7581795431356,0.09422053234365683,0.025924628057912884,Feb,3,0
1473,78.0,2575.9521806538473,0.0050018694848976775,0.00534913605063069,Mar,2,0
1474,671.0,33784.36588473719,0.1186685202840025,0.038604627597371245,Feb,7,0
1475,37.0,1089.3617619845068,0.0052855368890176,0.049459361904358005,Dec,1,0
1476,24.0,1923.9535480716102,0.0014105676834210061,0.03470542976632091,Nov,2,1
1477,21.0,1157.642773457677,0.02409226723759693,0.045194363925243106,Nov,2,0
1478,291.0,36027.815890344114,0.1255989638015255,0.07836392543945121,Sep,1,0
1479,8.0,586.137425374474,0.0053881760575590285,0.10631114435636316,Jul,3,0
1480,487.0,1090.0832364681564,0.1827508629410617,0.15857933684964418,Dec,7,1
1481,352.0,39698.22025742937,0.007010378085786973,0.00899968953810776,Jul,3,0
1482,138.0,22266.98310299097,0.1370080649756895,0.18807988290828123,Jul,7,1
1483,32.0,2674.896055247405,0.008010193037253612,0.013836571982083998,Dec,3,0
1484,55.0,8044.024340387209,0.18397395237276262,0.04332434920589669,May,3,0
1485,11.0,2652.9787660133707,0.007709777791432785,0.00027281381128039535,Mar,2,1
1486,654.0,7412.177821003411,0.039323230228773834,0.018993274475796358,Nov,6,0
1487,612.0,3057.8506429112663,0.07868208187501731,0.17613067620536108,Sep,7,0
1488,91.0,6251.316146149577,0.027503010040193555,0.04370249646655341,Jul,8,0
1489,85.0,1614.9592037702764,0.009715271556413274,0.003732602297954313,Dec,2,0
1490,181.0,16239.711166085566,0.11507073753293379,0.0643657723799639,Sep,3,0
1491,385.0,30035.6776444906,0.14832833815704946,0.09391942874261643,Dec,6,1
1492,557.0,10441.929043039692,0.11653833866267028,0.15398710778404087,Dec,1,0
1493,446.0,13416.201159521765,0.09381108236792036,0.012684948394914505,June,2,1
1494,491.0,25054.234993180187,0.06237944106549838,0.040130644740310015,Nov,7,0
1495,13.0,581.7082253688959,0.0031570658635915565,0.003004772196855529,Jul,1,0
1496,16.0,25405.847109467886,0.08436489222726386,0.1093399414172687,June,2,1
1497,361.0,41503.74932082348,0.049125541601823586,0.04169783639283922,Nov,4,1
1498,13.0,2836.358517279556,0.01266989482592736,0.04038638755418548,May,3,0
1499,45.0,266.7802524915513,0.0012154976317874308,0.020932292680926577,Nov,3,0
1500,601.0,40347.21045655956,0.013800159935066182,0.02544604306814413,Oct,8,1
1501,42.0,2284.4053810325545,4.5085904301941746e-05,0.009961656903398241,Mar,2,0
1502,32.0,4744.187208732545,0.0034279120981017346,0.045803107124211984,Sep,3,0
1503,598.0,18071.25638536507,0.17463471583916074,0.13283587614128234,Jul,5,1
1504,482.0,5101.67077207061,0.19812244608424778,0.08138174704490043,Feb,6,1
1505,147.0,42034.727038757315,0.06594837727889846,0.11125632911393832,Jul,5,1
1506,5.0,154.78825716981999,0.08776846589582143,0.09038176090971707,May,4,0
1507,359.0,2887.0839056802824,0.18988135457162475,0.012110242512245411,Nov,6,1
1508,43.0,424.28882670274544,0.0028538099454626193,0.015573667684723898,May,1,0
1509,299.0,36556.40542667862,0.18040729099621416,0.13477056033468335,Nov,2,0
1510,166.0,14942.419675457615,0.17332107552103537,0.03027130638512565,Oct,7,0
1511,482.0,7863.35254960923,0.014610589111696068,0.036922004163027294,Aug,4,0
1512,689.0,22221.469496787635,0.023436986410915593,0.1848418195640709,Dec,7,0
1513,371.0,19340.239590599882,0.001148271139937629,0.04617419319050867,Mar,7,0
1514,645.0,32806.140881099935,0.07574102273687257,0.038261159862118164,Jul,3,1
1515,70.0,956.8156548242426,0.011376661150869908,0.027713577272740916,Nov,3,0
1516,372.0,35269.17345713562,0.062097709874166115,0.08542429375123181,Dec,3,1
1517,21.0,2048.394367146723,0.0074510225984702055,0.01248915296337196,Nov,1,0
1518,45.0,2407.2561172921814,0.0794431526233304,0.052679233541830975,Dec,1,0
1519,696.0,34611.744329750356,0.05412398731906301,0.1267989665427648,Oct,2,0
1520,363.0,18905.83602919309,0.05379565935442032,0.0871949732173474,June,1,1
1521,595.0,41170.07038871908,0.1618278920301714,0.16999082440717062,May,5,0
1522,254.0,33366.02801619954,0.011749074205545504,0.045970896654805346,Oct,1,0
1523,18.0,38.23778736138319,0.0014446661749877314,0.019822544998829093,Nov,3,0
1524,439.0,18282.40779097624,0.04667741907085845,0.06468050771887586,June,8,0
1525,549.0,34070.07605917168,0.14331115370815986,0.12591152249270865,May,4,0
1526,88.0,33231.59655499575,8.723638211495614e-06,0.015125400361659479,May,6,0
1527,151.0,23408.075997451648,0.08341251266422552,0.10392411297311281,Nov,8,0
1528,681.0,18610.717955255637,0.1891011940967153,0.1308316016706802,Nov,4,0
1529,531.0,25515.77518211249,0.16783492722382037,0.16860720955209094,Nov,4,1
1530,14.0,247.50303426008483,0.010490478261892647,0.0023198006323133552,May,2,0
1531,198.0,7991.924081289912,0.10628784278589823,0.0006236249389300231,Sep,1,0
1532,88.0,29283.48307181765,0.18296667888481524,0.16260758278260343,Sep,8,1
1533,21.0,24159.98750045283,0.09023678563105467,0.04951641545455636,Oct,4,1
1534,38.0,2735.230512844636,0.009396971686660404,0.06215244137886468,Sep,2,1
1535,572.0,14499.124510430509,0.1098376402250916,0.07540897745497377,Oct,8,1
1536,176.0,24897.905915288793,0.026801190392465014,0.01281472234140961,Nov,2,0
1537,168.0,33794.41977035075,0.013324093707155291,0.0417538616864955,Jul,5,0
1538,44.0,25875.26791179458,0.1334223869869492,0.11620654990917788,Jul,2,1
1539,537.0,15611.445992825056,0.11821885202451658,0.06168077844586026,Sep,6,1
1540,343.0,32231.256887389158,0.12950379537643786,0.03327199371332473,Jul,5,1
1541,3.0,1718.063056157996,0.02060803486884679,0.035236063371022,Mar,2,0
1542,366.0,15158.9181441857,0.009389362213442673,0.047068904930157286,Mar,7,0
1543,647.0,11558.467722589297,0.1508255680532548,0.14717404893963965,Mar,1,0
1544,612.0,9318.705972814698,0.01400297671462101,0.09121348097011654,Aug,2,0
1545,118.0,31696.668953560653,0.02379443018897922,0.01420304106092204,May,5,1
1546,127.0,20639.857906063222,0.1820759852311682,0.11390348694550637,Aug,3,0
1547,440.0,12397.09241664151,0.1253766579802412,0.0682760361688501,Sep,2,1
1548,5.0,398.1752058987068,0.00913579797505493,0.0159344981277336,Oct,2,0
1549,17.0,2873.365263587142,0.0050810881718859014,0.025709228917089773,Nov,3,1
1550,28.0,1037.8169575713575,0.007880752725836533,0.009295815768682936,Jul,6,1
1551,587.0,34168.446734459496,0.12506092101491176,0.15220224786718456,May,5,0
1552,30.0,472.0243369316342,0.013150550686282271,0.0081495905514993,Mar,2,0
1553,470.0,9172.64612605681,0.014806311282720426,0.015221775208789232,Jul,5,0
1554,304.0,8457.26357006916,0.09807132284929705,0.00043686033649404266,Jul,4,0
1555,113.0,31579.85396110859,0.05197767258646965,0.08242724217386402,Sep,6,1
1556,42.0,1381.747182715336,0.010751012406663448,0.03199831616534117,Nov,3,0
1557,38.0,2341.5457633393557,0.18934142095555745,0.19651172720187263,Nov,3,0
1558,89.0,237.915978520795,0.009399670104817114,0.0038765569984198418,May,2,1
1559,538.0,32940.795983257056,0.0920637474885266,0.026155190167699564,May,4,0
1560,598.0,42999.91371956064,0.014632897016681834,0.19086637760700043,Feb,4,1
1561,31.0,301.24730480282597,0.0057805892368839405,0.04049721564908254,Dec,1,0
1562,700.0,19825.2488122529,0.1970409200540139,0.1701246908641306,Feb,7,0
1563,582.0,2914.764470774033,0.1858745634396324,0.1404705330956447,Aug,7,1
1564,127.0,18163.666970815222,0.08702226884204474,0.014076224970842863,June,4,0
1565,23.0,1542.2889179151018,0.19122071096497786,0.19423781990817418,Nov,4,0
1566,67.0,1716.9338723084002,0.010988341370486316,0.0023647957683671865,Dec,8,0
1567,13.0,1493.668509318662,0.0068986447260435645,0.025420816316996914,May,1,0
1568,4.0,405.07844242423647,0.022977974622665737,0.03454817945137233,May,1,0
1569,15.0,1122.1628149065373,0.002126128829869525,0.044516654883968554,Mar,2,0
1570,355.0,23288.829713094146,0.08218922219240475,0.19608511754839172,Nov,1,0
1571,233.0,24053.697576166775,0.04543287414015785,0.008156893368652132,Nov,2,0
1572,431.0,24714.549753032323,0.018056877375661376,0.06151193727301525,Dec,4,0
1573,42.0,2453.99677703607,0.01122255612612023,0.015653428181928983,Nov,2,0
1574,84.0,20887.618828947092,0.013324059738773559,0.036779014548556685,May,2,0
1575,35.0,2105.6842190344682,0.00025134586278557843,0.0014328314627597221,Nov,2,0
1576,22.0,8970.125763400014,0.08230897310559301,0.046198001120097934,Feb,3,0
1577,540.0,38345.66433073928,0.1167179046452129,0.10299783338959656,Jul,8,0
1578,263.0,9132.074546165568,0.17615057258108102,0.13128997085367342,Dec,2,1
1579,83.0,451.6614777767692,0.008494301577920813,0.03000348985872056,Dec,2,0
1580,465.0,42857.270646674755,0.19482165320058126,0.07991811612939653,Mar,6,1
1581,0.0,432.3618983066298,0.012925580054958878,0.03186452946496175,Nov,1,0
1582,42.0,401.5773901677334,0.032851748963862386,0.0853174837419004,Nov,2,0
1583,649.0,33601.436378104816,0.07726786563884475,0.05792929958569624,Nov,1,0
1584,464.0,40892.97666202112,0.08886822330143486,0.04390783075072741,Nov,7,0
1585,484.0,4953.830327013298,0.04672509170623218,0.10645783680741833,May,8,0
1586,15.0,2820.667753657398,0.006547042420704716,0.018311101355595195,Nov,2,0
1587,134.0,3874.820306649328,0.00996609204235654,0.006392919593032719,May,2,0
1588,604.0,10353.110636299194,0.05435665292399139,0.09982788880820608,Mar,1,0
1589,66.0,31368.879855881336,0.04352028346409688,0.01424120244915466,Sep,8,1
1590,67.0,2696.66949141567,0.01128291566662257,0.02566317931272965,Dec,8,1
1591,624.0,23675.218987453267,0.12774058751854184,0.01383389298661395,Mar,7,1
1592,7.0,401.32118534887866,0.1876348240589441,0.1996026027136356,May,3,0
1593,55.0,5060.617971191017,0.1606449155529081,0.013999559678920834,Nov,2,0
1594,62.0,1096.1644134406656,0.021330938998544494,0.039627098653227555,Nov,2,1
1595,9.0,2486.59114367275,0.004589859708789385,0.0009706992741104574,Mar,2,0
1596,28.0,2495.208551266798,0.010758184650328174,0.01722100631902709,Mar,2,1
1597,130.0,3814.2251168158073,0.16110515923350627,0.033955799008090516,Nov,1,1
1598,354.0,4893.149709784118,0.15077583765957686,0.06656138620185076,Sep,6,1
1599,154.0,9.189196693791915,0.09889153921157043,0.17086698132000755,Aug,8,0
1600,105.0,599.6029061587824,0.15126663541103866,0.1428973477637168,May,4,1
1601,210.0,22636.67675288598,0.043478378830251393,0.0006539869569446907,Aug,2,0
1602,666.0,15226.662736103577,0.08798777563667212,0.19208230796229092,Feb,7,1
1603,19.0,863.7169070925431,0.07983517062916952,0.15445677787730477,Dec,1,0
1604,524.0,31987.701752953028,0.16304623025609807,7.83577911800378e-05,Oct,6,1
1605,33.0,2121.355993125448,0.01070769966123677,0.02495425798593158,Nov,1,0
1606,129.0,24174.34070948253,0.12097083141027423,0.1456105079267869,June,2,0
1607,52.0,15270.142118710948,0.15523033345702492,0.17710084086708602,Dec,1,1
1608,430.0,10237.694061365872,0.04652408247536132,0.10127746638479393,Jul,4,1
1609,532.0,22383.467230818616,0.13403946094399635,0.13287799249492852,Nov,4,0
1610,292.0,22042.663276808576,0.12339093068191065,0.0973286803048395,Feb,4,1
1611,184.0,20438.029220277036,0.046332313555933105,0.19882354563564097,June,1,0
1612,445.0,38950.96489709587,0.03139710225412464,0.07154990922328296,May,2,0
1613,1.0,145.97688439780305,0.014539641209366789,0.027078612209746236,Nov,2,1
1614,346.0,14249.992934174803,0.12402140607550917,0.10803860997182636,June,3,0
1615,31.0,2518.0416314708696,0.006019914381088812,0.020566321872137,May,2,0
1616,137.0,35913.646239783775,0.14925148769075874,0.09191516403741232,Jul,7,1
1617,157.0,39553.43148893127,0.09374603350494373,0.16004416219110895,Jul,5,0
1618,278.0,11053.393404377948,0.17933190204062163,0.12492712169624734,Dec,2,0
1619,478.0,12375.345109515625,0.12275845864131164,0.19081266538741454,May,8,0
1620,12.0,2017.0256075192854,0.19077081413637526,0.07186876680992088,Oct,2,0
1621,33.0,2467.758905918414,0.006315978013041178,0.00822609566633421,Mar,2,0
1622,28.0,887.5229847392991,0.005163905968278916,0.07803440170925802,Mar,1,0
1623,18.0,1399.4644698446145,2.320551488181296e-05,0.012887701204760398,Dec,1,1
1624,335.0,39799.60989447415,0.08102450444293227,0.08696126614018326,Sep,7,0
1625,25.0,2850.6183486283976,7.799322770647284e-05,0.02266481357669965,Nov,1,1
1626,11.0,250.1081855177743,0.1881535695827718,0.07901958228013675,Jul,8,1
1627,324.0,20735.65198375771,0.12120604689070755,0.07690392633790212,Oct,1,0
1628,234.0,25079.178220797447,0.11269617353079162,0.05385595966503356,Dec,3,0
1629,31.0,2626.1293337811094,0.015989346303049674,0.03855333853906037,May,2,0
1630,123.0,5713.026379462857,0.003290131378603403,0.0048453744599818525,Mar,3,0
1631,5.0,1631.847011594533,0.02592054993859432,0.035448455422409805,Mar,3,0
1632,521.0,19067.380359421662,0.15235004171076066,0.06917498053230176,Feb,1,0
1633,490.0,11716.359461704493,0.06193110677335217,0.1376974868875488,Aug,5,0
1634,629.0,36351.18836994838,0.13135610082745372,0.18346186587365715,Jul,8,1
1635,362.0,42157.76993050906,0.014745738288200404,0.0039517932025044025,Feb,6,1
1636,561.0,17945.591716798925,0.05931003540939135,0.10717001870004869,Sep,6,0
1637,69.0,38340.40892415558,0.10209561105531607,0.03883235128708577,May,1,0
1638,80.0,22311.863181963396,0.1846588194813005,0.04285565441033578,Aug,3,0
1639,234.0,6818.563393237609,0.005193754145033157,0.01908493090392234,Nov,2,0
1640,527.0,894.649429935367,0.18136573865163355,0.17349416739022003,Mar,3,0
1641,2.0,27.9814377897895,0.01997034759580962,0.12468483460660797,Mar,4,0
1642,6.0,756.5592400660082,0.0007854954416425076,0.02200850573689211,Mar,2,1
1643,130.0,2623.659190117047,0.06538892497513976,0.11621906732116719,Dec,3,0
1644,355.0,37573.260167657616,0.17039057297404125,0.12949523453931444,June,3,0
1645,456.0,8322.483980503857,0.07112567256769829,0.11621282543727635,June,8,0
1646,422.0,20817.418699360158,0.11909398830802265,0.1731011422937149,Feb,1,0
1647,6.0,546.1183905100174,0.1988198534123572,0.19970776633702847,Aug,3,0
1648,451.0,13558.887493628245,0.06795876036192627,0.17069910474002126,Aug,3,1
1649,258.0,17496.3466413312,0.07061675577606882,0.04107657403283433,Oct,4,1
1650,69.0,11677.659224692192,0.1647291051326871,0.14583268263365756,Mar,2,0
1651,70.0,8.22910103064178,0.008449860149535417,0.03816088630383859,May,1,1
1652,26.0,2405.1921778309606,0.00865982261011817,0.029133079751807525,Nov,1,0
1653,84.0,16808.1289497273,0.1304651281590414,0.13280940107960096,Mar,1,0
1654,212.0,14031.26155910596,0.10926459245231165,0.0010828387211959682,Aug,2,0
1655,39.0,15034.79666875719,0.18174410757013937,0.006778608013308481,Nov,1,0
1656,346.0,32219.661729791296,0.13146644868960644,0.1687959744129459,Aug,3,1
1657,90.0,1613.4775166909471,0.002263697928771979,0.0036483252584445743,Mar,8,0
1658,27.0,2551.9757311430353,0.0062327789518495024,0.009166324363632987,Nov,1,0
1659,80.0,72.30507517470286,0.010939030896328595,0.01056008241513266,May,4,0
1660,212.0,5574.1610086170895,0.05030563050680646,0.11149033206874154,Feb,5,1
1661,33.0,2400.6899789845274,0.004304874031042147,0.02343427513051204,Nov,3,0
1662,491.0,7653.018547357742,0.024640906880606862,0.022543617261085613,Feb,6,0
1663,33.0,1410.0849880016851,0.011505426717228378,0.01525956936883948,May,3,0
1664,321.0,10083.624873894481,0.15062433151400964,0.0947768304196795,Jul,1,0
1665,283.0,24679.120334899224,0.12540697974137963,0.07497044749067822,Jul,3,0
1666,22.0,1688.177029614843,0.0007796098064655007,0.02591011516743949,Nov,1,1
1667,156.0,27004.951413497136,0.07807742593834069,0.005165414510853491,Nov,2,0
1668,4.0,1260.8244962068889,0.011265308956629866,0.04302838171696359,Oct,2,0
1669,50.0,38989.04247579632,0.07151943697218294,0.13964136523057458,Sep,8,1
1670,505.0,9502.40690509194,0.09003816285589161,0.137446774826135,Dec,1,0
1671,2.0,962.2521656336562,0.004637373565017356,0.07257554726161435,Dec,1,0
1672,125.0,4470.758770350836,0.011055354385036647,0.021465240681847318,May,2,0
1673,285.0,10659.509049747272,0.1688470423148371,0.15062867516698544,Dec,5,0
1674,290.0,21512.224126388843,0.11574881583872962,0.10068479198872307,Dec,5,1
1675,68.0,3062.0872773490482,0.0032288142833984085,0.032366817359261495,May,3,0
1676,363.0,7169.190080456849,0.06102636570762137,0.08727073693285244,Oct,3,1
1677,80.0,31759.64714249181,0.15769946717879924,0.18492592300751567,Jul,2,0
1678,20.0,2511.2074651634216,0.008781717316078656,0.010747370637809029,Mar,1,0
1679,635.0,18229.491503100166,0.0005041405614319746,0.12873797055559139,Feb,7,0
1680,77.0,229.94286082397332,0.012735719267484423,0.024271659675683895,Dec,5,1
1681,143.0,14851.99801088115,0.02497464182399837,0.1638357960889202,Nov,3,1
1682,208.0,12406.22192668093,0.14584253756107393,0.1569423180002491,Jul,4,0
1683,23.0,2383.7081588417136,0.008015660145369126,0.009128391033610156,Mar,3,0
1684,1.0,1214.3374037587525,0.01041682786610033,0.009008572313944212,May,1,0
1685,306.0,15828.624453153512,0.12828554945195206,0.06896128498956218,Oct,6,1
1686,682.0,20770.280536431725,0.023679644187575448,0.04111086614603248,Aug,2,0
1687,127.0,19455.7810522558,0.0803392850284772,0.06486620793964841,May,2,1
1688,6.0,1833.9771597604283,0.001590819086876527,0.020096460129505365,May,1,0
1689,508.0,3281.5962506380556,0.1697071565678349,0.05608727396577969,Nov,2,0
1690,30.0,2251.113203918212,0.005869400569809006,0.028985869688655935,Aug,3,0
1691,16.0,2338.4635322688337,0.003854040661285104,0.037123140358299174,Nov,2,0
1692,48.0,4094.0068206981978,0.13073558659822837,0.04808884975995513,Sep,6,0
1693,227.0,17683.347882722166,0.1017440966221838,0.17975487137834653,Jul,4,1
1694,77.0,18142.793802080836,0.08042819750724656,0.0671550649707038,June,4,0
1695,47.0,10.928203657702797,0.011077047688540722,0.01963420318806925,Nov,6,0
1696,46.0,1580.9605871087674,0.000995706252022123,0.002193862570069795,May,1,0
1697,388.0,30231.628685449185,0.13388160000341837,0.05987829214842933,June,1,0
1698,123.0,38797.43310810374,0.027060105846533046,0.12358935889053696,June,4,0
1699,70.0,4395.872931076195,0.034439301237550624,0.169816419208432,May,6,0
1700,554.0,26152.168075901296,0.16428993435363037,0.15309888699458402,Nov,4,0
1701,20.0,1852.205463553442,0.0042245621336110175,0.02777933364125775,Nov,2,0
1702,73.0,1694.3163461894521,0.013012731132285058,0.02351111968131758,May,1,0
1703,3.0,2148.4953678905877,0.0361510105275414,0.0721074071349092,Aug,3,0
1704,43.0,1346.2720154589506,0.0009099593781502869,0.0471009131639882,May,2,0
1705,144.0,3777.702753781751,0.0033405490496394284,0.01493290700008187,Sep,5,0
1706,22.0,686.3891474845773,0.02356733922038165,0.05065097955937519,Mar,4,1
1707,649.0,34651.39834948203,0.008567347801977938,0.12824509595472078,June,3,0
1708,10.0,2040.8489987494706,0.0033720914724449775,0.00785001248098651,Dec,3,0
1709,13.0,1089.7977722508724,0.04539746829930752,0.014222223555556681,June,2,1
1710,78.0,14.708112403430375,0.00876435608709107,0.003453873066949158,Mar,2,1
1711,474.0,16130.373407468254,0.13385156667063286,0.07887242129713794,Oct,5,0
1712,635.0,7379.393755832706,0.1739044234069884,0.1275860102416448,Jul,3,0
1713,46.0,14139.017770226938,0.11587172921522937,0.09147505212972755,Mar,2,0
1714,248.0,29356.268793494102,0.06204000469100732,0.12583214428778633,Feb,4,0
1715,128.0,31641.664608166288,0.12791101558813883,0.1770589741164386,May,2,0
1716,682.0,33832.857311295484,0.04087663272058041,0.1773398749443275,Jul,5,0
1717,537.0,24082.92849390826,0.169677753167061,0.036704094515208466,Oct,5,1
1718,23.0,998.9824095130057,0.020235619370446423,0.02006145870964611,Nov,2,0
1719,46.0,1213.3784771921369,0.008421180038606625,0.00820552647250494,May,2,0
1720,53.0,12478.448453395902,0.07817242593080202,0.16284556376863024,Jul,2,1
1721,638.0,20085.708587204237,0.0073233111868880475,0.024371629588068315,June,2,1
1722,393.0,36113.269235445456,0.1614784701287608,0.18092524360433687,Jul,1,1
1723,6.0,1702.5235158692808,0.014757253489136372,0.028283139844700586,Mar,2,1
1724,344.0,18724.94676064686,0.057215702831352855,0.008463284837300893,Dec,3,0
1725,89.0,29595.545124622444,0.0465212106801663,0.08288921343867876,Sep,6,1
1726,680.0,30037.656584114684,0.1535439283973035,0.045444098166367144,Dec,4,1
1727,21.0,35750.59744007125,0.18874031599829175,0.19387665205908777,Nov,2,0
1728,327.0,3198.1437523290742,0.11408344875046174,0.09250461787813849,Mar,4,0
1729,519.0,31127.751465899593,0.1295326581764856,0.15327051599015443,Aug,3,0
1730,27.0,2304.464228394439,0.002152045665366993,0.020783328220220415,Dec,2,0
1731,419.0,33042.39365169057,0.17442660756963735,0.14830498088010802,Dec,6,1
1732,564.0,42583.9931720047,0.12421586627578175,0.15889450959560567,May,3,0
1733,203.0,4321.775877926917,0.13664470329266676,0.11233537681824392,Nov,2,1
1734,14.0,34911.407185680444,0.0664443617309823,0.12894389950036472,Mar,1,0
1735,34.0,733.9713307130538,0.013184854475109146,0.009419851742118557,Nov,6,1
1736,69.0,21658.64919556936,0.18008579018340803,0.018923801411331546,Dec,2,0
1737,50.0,21655.881844107927,0.021034576859667094,0.039997221903281165,Sep,3,0
1738,430.0,22245.93542031691,0.18110724416085955,0.03489342448355108,May,2,0
1739,182.0,9388.112253134792,0.001292891966595889,0.015747517404062206,Nov,2,1
1740,355.0,13351.382019216086,0.1302687323441883,0.030323903152345646,Mar,7,0
1741,652.0,37058.399877430136,0.06903280669961336,0.14473141263184552,Sep,5,0
1742,320.0,2206.487786943251,0.1539732128378408,0.005968022436231255,Nov,4,1
1743,14.0,102.2041908374527,0.003085743099835089,0.010438817563045823,Nov,3,0
1744,19.0,1489.2901432449862,0.02267671116530829,0.032540931268454684,Sep,1,1
1745,536.0,42428.74127012317,0.1327874318440295,0.10309624647453662,Aug,2,0
1746,540.0,15871.117012180712,0.08568713068859009,0.05941360193658867,Sep,5,1
1747,106.0,29683.981574097394,0.009536917130339509,0.03259178618839831,Nov,7,0
1748,17.0,967.6130651264068,0.06888539819017277,0.1260911393200765,Mar,4,0
1749,12.0,1893.2967789689983,0.011922902182414735,0.009451993509846466,Jul,8,0
1750,534.0,31154.10785467451,0.017781675418796425,0.17297701331630655,June,3,1
1751,501.0,3856.043904056214,0.16698668935374944,0.11995687116724774,Dec,6,1
1752,398.0,23871.069562622746,0.1800027201511272,0.14079420457216826,Aug,3,0
1753,3.0,808.7029956346615,0.03745071656039612,0.05575567399215841,May,2,0
1754,451.0,2877.954280881885,0.05381579548420954,0.11781292223514642,May,5,0
1755,702.0,38440.24615834744,0.13955057753825287,0.05872665349839117,June,5,1
1756,232.0,27645.700727341056,0.11912909428725314,0.057875864010283364,Feb,6,0
1757,696.0,26680.02938964303,0.12970636726572615,0.1401222913446367,Jul,5,0
1758,41.0,2036.9926817495164,0.0019188087846275467,0.0012901860862435167,May,2,0
1759,56.0,1371.3038689749374,0.005229031613897604,0.0913397188451969,Feb,7,1
1760,38.0,2614.589277475657,0.000910767909892624,0.015605840793756619,Nov,1,0
1761,158.0,12191.464419016522,0.09082735689858389,0.009410062256016182,Aug,8,0
1762,531.0,985.260546468849,0.17343936770945362,0.1843649106727046,Nov,4,1
1763,207.0,31996.54289276564,0.1885739782135568,0.08930508330666775,Nov,2,0
1764,514.0,7124.266056509539,0.09547971071303535,0.1729218866195211,Dec,1,1
1765,33.0,1018.4797569955266,0.0037798515209011897,0.026276354919233552,Nov,8,1
1766,549.0,40593.66752974821,0.13191474655779312,0.07117290381157593,Mar,2,0
1767,15.0,2793.219782083957,0.005596288993343452,0.027716450282399482,May,2,0
1768,34.0,4076.974846956641,0.03314678891134198,0.02813218044247845,Nov,2,0
1769,527.0,2080.690817719565,0.02197497275572055,0.1705994962603933,Aug,2,1
1770,68.0,5523.868910691975,0.016945703117665828,0.05907463098862157,Nov,3,0
1771,38.0,2844.5812503153984,0.07755332971795124,0.11102260946972337,June,8,0
1772,46.0,2231.794275912646,0.19728463419181227,0.11739676324418219,June,8,1
1773,356.0,21297.36936471745,0.06308037133796289,0.10136349228477275,Feb,3,0
1774,590.0,42448.38225401811,0.17973535176469446,0.03890889910794883,Dec,1,0
1775,67.0,760.1978765804823,0.011158072469576088,0.01850559307351561,Dec,2,0
1776,382.0,1961.5541139155143,0.12429248197875521,0.14276186829409182,May,1,0
1777,30.0,14317.023170837974,0.11706749221841505,0.0853140221968843,Mar,1,0
1778,29.0,161.8145187863928,0.021912644635475483,0.0425042240311794,Feb,2,0
1779,426.0,1758.1582712656716,0.05620720732778839,0.11603301893007187,Dec,4,1
1780,533.0,2840.111978433079,0.12314289877604016,0.1777944373946901,Nov,4,1
1781,391.0,17078.33878820049,0.06762108249295203,0.08167844776849773,Feb,1,1
1782,42.0,1202.5104309494209,0.008631497375133348,0.04465485875077761,May,1,0
1783,37.0,661.673590267404,0.005782458510729742,0.05663093792775502,Dec,2,0
1784,343.0,10992.354727764949,0.02350652511836259,0.0022762016547324335,Feb,6,1
1785,531.0,14297.60308568475,0.16685519562815315,0.1781573362116682,May,4,1
1786,16.0,1903.1149721444385,0.0054598369043118156,0.06388651150018533,Oct,3,0
1787,194.0,23750.527169850935,0.17553356695579897,0.1959394048530146,Nov,2,0
1788,12.0,3381.879145660244,0.10671911192086357,0.09232721051512272,Jul,3,1
1789,60.0,1083.4776845299764,0.00413989021188149,0.00274367557331168,May,2,0
1790,9.0,119.87440616467352,0.01332797544720777,0.02648643068490738,Dec,1,1
1791,31.0,16272.263694933657,0.10212096836428355,0.14932266174652986,Mar,2,1
1792,285.0,10730.792066434164,0.19246575467736335,0.1780114281772196,June,3,0
1793,695.0,5481.935452119018,0.0733905189573492,0.10269399344737308,Mar,7,0
1794,364.0,16609.154552358883,0.07231399872353603,0.18334204607923993,Dec,3,0
1795,294.0,16540.915141421778,0.14956154157083879,0.0003811532719719931,Dec,6,1
1796,17.0,2452.0209860321443,0.011468104095974662,0.012750964239231452,Nov,2,1
1797,264.0,39975.930405843494,0.09911097410297443,0.1441729730084497,Oct,1,0
1798,45.0,1727.0278847332831,0.00041592312604421685,0.029379449486309633,Jul,2,0
1799,6.0,2113.391923244174,0.025100008581328704,0.03301146630381155,Aug,2,0
1800,36.0,2224.194186152556,0.0014444148203711547,0.010305183179037404,Sep,3,0
1801,60.0,1225.477881569147,0.0012162420009080204,0.015803494753400683,Nov,1,0
1802,36.0,246.79551820603433,0.002129093998271774,0.03163434453567445,Nov,1,0
1803,34.0,859.0697157938736,0.011535892662063408,0.004867549309433778,Oct,2,1
1804,64.0,2192.32556488415,0.009997404528632377,0.03093144878775217,Dec,8,1
1805,8.0,2234.1438935226174,0.031008202796005833,0.03144216603352415,Oct,3,0
1806,674.0,33647.33305073262,0.01755356280902104,0.04601809621830592,Jul,5,0
1807,455.0,26004.60116571255,0.09292359850405785,0.19528835130984798,June,8,0
1808,265.0,8301.880819881451,0.17333483341287712,0.13294573091553694,Aug,3,0
1809,151.0,34364.251271693174,0.058516476332864054,0.1946217168089581,Feb,7,1
1810,12.0,2563.3785865712994,0.008782219246871111,0.07887272084304249,Mar,2,0
1811,159.0,16364.598972087482,0.11775592465466155,0.07371654919217911,May,5,0
1812,518.0,10038.034762293613,0.11423206548854573,0.17203226542596856,Feb,2,1
1813,544.0,11288.993923909322,0.11124658716830228,0.17338055426178983,June,3,0
1814,41.0,602.9045317081597,0.007087512681329668,0.021602931233967452,Nov,1,0
1815,51.0,42737.4920753671,0.13869009554678025,0.17446889208093427,Aug,2,0
1816,3.0,2190.0818720558827,0.007240897500112915,0.014618335191837844,Nov,1,0
1817,35.0,236.15985891313488,0.012748767514538744,0.01794415291108038,Aug,1,0
1818,550.0,20295.298226115832,0.19346581838188862,0.19367632296871565,Feb,2,0
1819,41.0,362.1935817138224,0.010386611818982911,0.02633604616626669,May,2,1
1820,352.0,237.0975980857887,0.03879496623661821,0.10536568764810263,Mar,6,1
1821,92.0,3903.0137027003466,0.012557962044187373,0.1935527706559699,May,2,0
1822,651.0,17442.240603865972,0.16900612207827342,0.0791509079027156,May,8,1
1823,14.0,2723.4120823655157,0.19396400898928678,0.19940795500665223,Dec,1,0
1824,17.0,2752.1626477792624,0.0005229670082825171,0.02166054607460219,June,8,1
1825,566.0,13544.438980591647,0.17348837554593008,0.1698040875341214,Mar,1,0
1826,589.0,29042.711646260883,0.18045107036750804,0.16272277587837944,June,7,0
1827,30.0,1089.0612446126147,0.008908195385137997,0.0447260144455674,Nov,2,0
1828,355.0,11953.878263752136,0.12528287814962044,0.16824264540947625,Dec,3,1
1829,261.0,8991.928028968608,0.1475487759212646,0.1600993549902035,June,6,0
1830,466.0,26657.419191238238,0.10484660098178746,0.04290591927445747,Oct,7,0
1831,183.0,42827.769045145695,0.19354858155975493,0.14261739906977886,Nov,2,1
1832,14.0,2580.300151455334,0.18931560183817533,0.19316459106542258,Dec,2,0
1833,425.0,7965.075963937286,0.08119903038197866,0.18080752270805597,Feb,8,0
1834,287.0,21345.34095442534,0.13228196662179195,0.09450493446199053,May,7,0
1835,280.0,26177.04492998691,0.010119077607212852,0.08608998360110434,Mar,3,0
1836,623.0,36315.90281282431,0.05871163885775887,0.07003590289129949,Jul,8,1
1837,233.0,25498.16029775599,0.18375969215635762,0.09154814617170925,Aug,2,0
1838,594.0,10239.991523462402,0.13590885989776125,0.07178382949502542,June,1,0
1839,517.0,35991.62035700581,0.07279562814711382,0.012563573378440395,Sep,5,0
1840,634.0,35692.76073375844,0.0614517364101455,0.025784232825513072,Jul,8,1
1841,9.0,348.361924291743,0.03152889275105774,0.05924079189665788,Nov,2,0
1842,15.0,1636.4566111713682,0.009394369336081447,0.0016341268781263807,May,1,0
1843,393.0,5967.272711780384,0.11045809984225967,0.09916606263543494,Sep,4,1
1844,103.0,11558.103924388844,0.011462949107363406,0.026047858596989524,Mar,8,1
1845,329.0,37967.59375322881,0.08224967970823442,0.19745182199796,May,6,1
1846,96.0,34997.88036870952,0.1522390861763771,0.0413434851154903,Mar,3,0
1847,139.0,21500.7220680694,0.12125381296864236,0.17665733111708803,Jul,7,1
1848,19.0,2454.6010385876416,0.011729936787117081,0.03528059981913545,Nov,2,0
1849,24.0,1211.4419577725994,0.00863002128243994,0.012550287051122683,Oct,1,0
1850,52.0,1146.1294121997992,0.13968096666345794,0.010067026893853257,Nov,1,1
1851,23.0,1558.6180235944448,0.012940416921640385,0.033779965653760145,Jul,8,1
1852,37.0,4968.302583864622,0.03214964016446215,0.09049534106842005,Feb,7,1
1853,89.0,17099.81021421169,0.12430432492481382,0.041691707092445164,Mar,2,0
1854,12.0,2814.472606547271,0.005097377158835983,0.02902411143958796,Oct,2,0
1855,46.0,16489.33029618819,0.17672969905706878,0.012258745127724171,Jul,4,1
1856,646.0,40539.033973874444,0.11290224903373366,0.16143066206218332,May,8,0
1857,296.0,7841.918716889531,0.114832195056846,0.04401168904714829,Jul,3,0
1858,664.0,37090.133675489815,0.002848709947775638,0.07006658491086697,Jul,1,0
1859,12.0,2469.5673235457434,0.013107613403387296,0.0967076171297031,Nov,1,0
1860,57.0,22527.61581300156,0.07178068671220686,0.16269943630021552,Feb,2,1
1861,6.0,1842.234992978903,0.00811049623856854,0.02639212070238818,Nov,3,0
1862,29.0,2801.516081191206,0.008787032757147099,0.022964920651085276,May,2,0
1863,699.0,21563.549880806997,0.1674011562346413,0.02643480570177962,Dec,4,0
1864,258.0,31569.858611464064,0.14284207964876677,0.14840071552710435,May,5,0
1865,36.0,3024.6961343952153,0.00796009395978893,0.02082320548872539,May,2,0
1866,135.0,22633.42116912191,0.14230067397343782,0.18754699876208136,Aug,4,0
1867,46.0,1156.4581951860846,0.0025488544170448155,0.021101042805419648,Mar,2,0
1868,260.0,34300.93490543036,0.19608504941008364,0.10276290482465499,Sep,5,1
1869,30.0,826.177042070826,0.0012456829479855448,0.02238999925438266,Dec,2,0
1870,32.0,2700.2687095353126,0.01185527815147344,0.011951691375772178,Aug,1,0
1871,560.0,6157.113833439173,0.007883369305401653,0.003014017961535238,Nov,4,0
1872,31.0,1007.3179982722994,0.006369920840336631,0.024364713980500628,May,2,0
1873,317.0,22551.163934932796,0.19768193853806337,0.19587837840667077,Jul,3,0
1874,638.0,4384.79350790287,0.10106429025935325,0.128424645644937,Sep,7,0
1875,38.0,15003.981117560012,0.17366030190275253,0.01021058858198474,Dec,3,0
1876,39.0,202.13120425332957,0.18882565819944644,0.1999964231693686,Feb,7,1
1877,5.0,26459.195718838757,0.10608398855307113,0.15876322989598243,Jul,3,0
1878,655.0,17684.101013328967,0.12133395222260983,0.12539461875403807,Nov,1,0
1879,19.0,1057.4833274891735,0.001717981146873382,0.0004248186504919997,Dec,2,0
1880,500.0,42214.09333157574,0.16515695418952656,0.10735535438116145,Jul,2,1
1881,508.0,11824.866852940735,0.09623751153782809,0.1713008606185633,Dec,7,1
1882,191.0,4282.866458477085,0.08251438823659227,0.11643532660022664,Dec,3,0
1883,358.0,13874.489483497326,0.10067736928140765,0.05531259002366254,Dec,5,1
1884,31.0,282.7415427072403,0.010098435415892788,0.0016164603374047104,Oct,2,1
1885,27.0,4659.276937418284,0.16568541044353624,0.1931427482967437,Jul,3,0
1886,400.0,5786.854097025344,0.11520208961295908,0.1071197498481598,Nov,1,0
1887,361.0,13645.482930610671,0.07671683782883373,0.019678743456408816,Mar,6,0
1888,302.0,18351.290559830613,0.11328545060658575,0.09594816187587092,Nov,3,0
1889,119.0,3687.8266237336957,0.0061166065412758775,0.01897258917442715,Nov,3,0
1890,40.0,2200.397134338632,0.00984890147399765,0.04531413523977097,Dec,1,0
1891,36.0,98.98674341486748,0.006437534305753314,0.010802577769269375,Oct,1,0
1892,359.0,12841.849572896777,0.08337917604897813,0.16927409200305288,Dec,2,1
1893,139.0,28532.627843688486,0.13980593772307945,0.02426339353968071,Mar,3,0
1894,125.0,8002.249765615385,0.09872083439839734,0.17580295456274653,Dec,1,1
1895,458.0,41902.14112222608,0.1163335914585674,0.11774577018205035,Jul,6,0
1896,686.0,4358.125171373157,0.07992626785533329,0.0755567430091513,May,8,1
1897,27.0,229.85978040705191,0.00772347503077482,0.023267014052564747,May,1,0
1898,36.0,2161.6251210760975,0.057126336626303724,0.08956310474623348,Feb,2,0
1899,40.0,43119.276407187324,0.09414572592303411,0.1057233853973044,Aug,2,0
1900,118.0,32861.55836011107,0.18687434357823918,0.11477525894879995,Dec,2,0
1901,49.0,1217.7276169310016,0.009511665711358691,0.013393403224081191,May,2,0
1902,630.0,7408.502412859862,0.02787207132148394,0.13988332665750647,Sep,5,0
1903,15.0,11307.882718959347,0.05615395199161519,0.13327945218829068,Oct,2,1
1904,39.0,2640.96589948106,0.005025865904172214,0.005408912113256679,May,2,1
1905,458.0,24100.037889130326,0.050575522714849365,0.07662065505420725,Mar,4,0
1906,126.0,4453.373235029,0.011549237229925404,0.02897702695573729,Feb,3,0
1907,602.0,32113.956482481633,0.1940974815802635,0.16842852171068354,Aug,4,1
1908,119.0,5376.3722722257935,0.005111041458057204,0.014075553602562695,Sep,1,1
1909,23.0,2010.8430952693707,0.008715361783799508,0.017200012471657214,Nov,2,1
1910,519.0,8788.183106978586,0.11413632238451098,0.1305676843176425,Oct,7,0
1911,489.0,4416.286578585139,0.15149523580396593,0.1496496005112502,Oct,5,0
1912,271.0,2731.052719075085,0.07152155317040174,0.04038478247649629,Nov,8,0
1913,8.0,1274.9528616302196,0.012798989238223805,0.0034845150237355284,Mar,2,1
1914,682.0,33427.447146848615,0.0056149898902813555,0.005362008620125591,Oct,2,1
1915,13.0,38178.13504074385,0.11217335336343146,0.03829342230884976,Jul,8,1
1916,11.0,2258.4890954150455,0.011304800779711839,0.007797261882622281,Oct,3,0
1917,12.0,2762.1162254238675,0.0046001042272793,0.012822002964999595,Nov,3,0
1918,59.0,16181.314976598309,0.1249409164362399,0.06706046473058727,Oct,4,0
1919,81.0,8278.934259790783,0.0008885080933337457,0.004866483547344783,Nov,7,0
1920,435.0,34978.04629793033,0.004130614772869764,0.10209110133914098,Oct,2,0
1921,419.0,37519.624862418474,0.05068103131268312,0.16684490468191,Jul,2,1
1922,2.0,860.6092692893072,0.00357068721426116,0.02960904756159456,Nov,1,1
1923,234.0,33262.65484250647,0.11148183888003052,0.010456936494235167,Oct,4,0
1924,227.0,31148.149638076724,0.1874900571528175,0.08488884579079518,Sep,7,1
1925,606.0,13918.639283964376,0.026811592268931265,0.07112056735088379,Sep,7,0
1926,388.0,8283.149565527256,0.19017071032530442,0.11084276001191075,Nov,8,1
1927,94.0,4800.736427565181,0.1940442655538549,0.0664502937064931,Nov,2,0
1928,318.0,28982.008138238463,0.16678939167792176,0.19522788359303045,Aug,2,0
1929,260.0,5180.026931050674,0.02501519907370859,0.12002463483931139,Sep,3,0
1930,384.0,7577.933423414029,0.08504285650672376,0.05173952987428333,Jul,2,0
1931,42.0,491.2212732161761,0.007078098865875393,0.03216000387566557,May,2,0
1932,14.0,22366.592814863783,0.0800409179166018,0.018790134103761125,Feb,2,0
1933,8.0,2282.259790188229,0.010259010828976007,0.02577471358764074,Oct,3,0
1934,37.0,1003.950239953241,0.0016459988990578916,0.04703586689575696,Nov,1,1
1935,457.0,30476.363186460225,0.15374370836354653,0.04672688149373738,Dec,4,1
1936,196.0,5660.90261159715,0.051949407830036556,0.10193994408696894,June,4,1
1937,108.0,20184.421317405755,0.010028144877733054,0.019327699237502004,Feb,3,1
1938,216.0,6542.269741935883,0.01431068671923539,0.06544041506753263,Aug,2,0
1939,689.0,8592.423643510501,0.06575656999018598,0.05375918108264213,Jul,1,0
1940,227.0,5147.268841052329,0.1607963222676811,0.06966045126583525,Mar,1,0
1941,8.0,2838.618146759978,0.0016039611788811808,0.018342379182451372,Dec,1,1
1942,514.0,10397.502656142979,0.09101181346959869,0.10539791597850585,Jul,2,0
1943,579.0,36227.96895883754,0.048371145799701205,0.15282634602826384,Nov,8,1
1944,8.0,615.8763718499425,0.0037774184785231983,0.0009128264472618572,Jul,1,1
1945,315.0,24522.05754369987,0.012041982606348145,0.03315852817554233,Mar,4,0
1946,27.0,1063.3187517799968,0.03129369939359953,0.052957256595591654,Dec,2,0
1947,25.0,2300.7351047133643,0.010651720770515025,0.02516515724891489,May,2,1
1948,120.0,32179.629585484752,0.19074766552246653,0.059684391624327204,Mar,5,1
1949,173.0,14608.378184390796,0.17242202365499845,0.00757385806375289,Aug,7,1
1950,169.0,18033.003116138727,0.1165049897215278,0.1608478830699759,Feb,5,0
1951,18.0,241.13206727543425,0.00976818108061354,0.020277612559198657,May,2,1
1952,674.0,12899.915778603649,0.010371314000130277,0.006134434206152364,June,8,0
1953,242.0,11230.924507603406,0.15967533305864204,0.013407255105843674,Mar,3,0
1954,663.0,35524.872548198495,0.19826534712085753,0.129548942383801,June,8,0
1955,16.0,1023.0813542684966,0.0014350469490111704,0.013581590796254057,Nov,1,0
1956,4.0,710.2302682826213,0.004285717499856138,0.027265049563336783,Nov,1,0
1957,38.0,2601.8739353714286,0.03230166711692632,0.03098614977627499,Nov,1,1
1958,425.0,10465.344406024935,0.0820864019935476,0.04013221458662312,Feb,8,0
1959,358.0,25635.546940583852,0.12963480071958192,0.03277236542906157,Jul,7,0
1960,71.0,2093.307354030955,0.00797774181809293,0.00846453526116135,Nov,3,0
1961,40.0,1617.419966974099,0.0012432849422299105,0.003212886429327225,Mar,2,0
1962,31.0,1571.8716742980728,0.005964159785280933,0.01464594274573892,May,3,0
1963,584.0,33272.17018564253,0.13919358216109715,0.1911576260995028,Feb,5,0
1964,668.0,14426.113124868918,0.05206159304632766,0.1040954210388922,Jul,4,1
1965,311.0,11427.725448975689,0.16837819277285504,0.19799618438728153,Feb,4,1
1966,617.0,39766.19514550527,0.1466400784733083,0.10513746288241263,Feb,7,1
1967,481.0,3018.577540011413,0.16644530940352295,0.10728987928377887,Dec,1,0
1968,41.0,316.57654312088926,0.008983958289614185,0.023578868533185134,Nov,3,0
1969,416.0,22734.48109545988,0.18764339069368496,0.06314689065920889,Nov,8,0
1970,44.0,31088.78655447451,0.07341709391467104,0.08951037052847183,Oct,1,0
1971,561.0,32780.38068817268,0.1452343853882719,0.12450881430586493,June,3,0
1972,402.0,18968.689267632715,0.17805006951473792,0.15379977941588033,Jul,4,0
1973,333.0,42548.05697785025,0.04462990503830465,0.1288864457143185,Dec,2,0
1974,316.0,9099.543586594635,0.16891261887702097,0.02877582952761498,May,7,0
1975,182.0,15410.658363936944,0.13068141337822842,0.08736802266124868,Oct,2,0
1976,51.0,13514.516790114905,0.027163008905196538,0.05720237912579643,Jul,3,0
1977,114.0,14354.738033603588,0.10125236325292122,0.18889267591769587,Mar,1,0
1978,556.0,31288.222104770037,0.01809649715163078,0.17050424054889224,Aug,3,1
1979,11.0,38612.727392444685,0.10356596120101494,0.19425516974193585,May,1,0
1980,202.0,18854.644263151265,0.14112576843394078,0.10334862403916027,Nov,6,1
1981,295.0,8361.436078314206,0.08452915781643933,0.12732185999168566,Oct,6,0
1982,41.0,35636.69935294648,0.17809004485639712,0.010440071118475171,Sep,3,1
1983,566.0,8183.128046487091,0.10155410456082702,0.013122254057507471,Mar,1,0
1984,430.0,24740.396845805728,0.013322156777663545,0.14375964458317111,Oct,7,1
1985,14.0,1522.6662805608144,0.00791389873144523,0.017147688929116153,Nov,4,1
1986,22.0,2656.187522928318,0.014593421698841362,0.03539614680232097,Dec,2,0
1987,71.0,16773.35532313047,0.06120950090323216,0.0823900250151195,Oct,6,0
1988,326.0,23635.949204832636,0.10747163546969421,0.07806607186522493,Mar,4,0
1989,2.0,2185.2959488382357,0.008141739978240671,0.014087340965083926,Nov,2,1
1990,108.0,29813.875641418024,0.07468801978398236,0.12281665663977732,May,4,0
1991,588.0,18873.594892747205,0.1421085639161917,0.1484027389610794,Jul,7,1
1992,614.0,22207.836675308605,0.05267556824578943,0.1022680666652075,Feb,8,0
1993,13.0,2710.69180230531,0.010645473980867536,0.0012392343879015814,May,2,0
1994,46.0,2354.915596951449,0.01766588169010328,0.01707189745913855,Mar,2,1
1995,375.0,9602.95449360569,0.19106287214557738,0.07117987127590912,Sep,7,1
1996,685.0,3394.5143205742643,0.1905066951342151,0.12344137294489017,Sep,4,0
1997,280.0,32729.37005327402,0.19456568257734633,0.10575267362281493,Nov,5,1
1998,12.0,2362.3257861804636,0.010369706203510083,0.017802805211980924,Nov,2,0
1999,38.0,15392.590986350864,0.07354853231660818,0.1876519143339659,Dec,1,0
2000,458.0,11296.96343214518,0.13029094121339854,0.037189459781011486,Jul,4,0
2001,44.0,2789.435190612743,0.023337293459837496,0.03928685317933832,Aug,2,0
2002,621.0,12306.76665990025,0.0805873835101502,0.06504870258123466,Jul,8,0
2003,27.0,928.1385133635189,0.006089940106816015,0.0013928253145652945,Dec,1,0
2004,327.0,42461.573155412894,0.14559999840286017,0.15027508888714147,Oct,1,0
2005,459.0,28174.24629623079,0.08688810811349212,0.08859387000627522,May,2,0
2006,545.0,977.0090060161326,0.1834672700703971,0.031683708637506594,Dec,8,1
2007,21.0,1288.4485642340144,0.01108701385860115,0.029061211820491876,Nov,3,0
2008,42.0,15146.641573903698,0.07800493780447415,0.11159048231272889,Aug,3,0
2009,41.0,2571.1576399899336,0.012821161626121482,0.009944195421198851,May,3,0
2010,431.0,5921.540933675462,0.18387378660008338,0.000510753558816437,Nov,3,1
2011,650.0,30816.00246609098,0.025116995233539018,0.14476843075872187,Dec,2,0
2012,62.0,833.7565212097484,0.005281448688465426,0.016009860699691538,May,6,0
2013,273.0,7425.186998099043,0.03655831038662574,0.04234738630025815,Jul,6,0
2014,12.0,1002.1847642355721,0.005413955822277174,0.013091779952973108,Dec,2,0
2015,216.0,4675.521205205867,0.08571933324527911,0.09398765401725477,Sep,1,0
2016,92.0,19610.835439834882,0.14106572376239634,0.10640118940464488,Feb,8,0
2017,525.0,13860.856105799472,0.14239558661750812,0.12384889250328066,Oct,5,1
2018,683.0,22932.176332159015,0.025487371648460884,0.17383291246869217,Jul,2,0
2019,572.0,33752.78322278236,0.18626484318172806,0.12381257372028347,May,1,0
2020,4.0,441.99177589667767,0.1120678208086373,0.03460232314360577,May,3,0
2021,282.0,972.6453881318008,0.13986068974565488,0.09300287606401843,May,7,1
2022,672.0,25608.290835720974,0.058811164224816824,0.07511590064013371,Jul,5,0
2023,9.0,2262.9093334485306,0.011124929959676632,0.024105482182991106,Mar,3,0
2024,695.0,39460.361718312444,0.023075150138468295,0.1144304676351527,Nov,4,0
2025,428.0,32717.72681863755,0.08973656465483733,0.18962398986869886,Feb,4,0
2026,442.0,32711.1911477731,0.15798145269466884,0.041198983483509526,Dec,4,1
2027,142.0,4058.148357258039,0.00024567999122294905,0.1603944954706462,Feb,7,0
2028,660.0,32524.876259041364,0.13406788432814634,0.09643748260455838,Nov,4,1
2029,360.0,30133.887721358158,0.19897092337031255,0.07468332129590954,Dec,3,0
2030,459.0,28152.824490063493,0.012338668559431927,0.15881365668694547,Feb,2,1
2031,29.0,198.6867113073082,0.06917375343328365,0.11830802526826154,Sep,1,0
2032,75.0,2671.578544056869,0.015761647872178042,0.03725677545305414,May,1,0
2033,0.0,137.38107436591693,0.010678919719215633,0.004051660633131939,Jul,2,0
2034,114.0,5616.510567259284,0.19540970279502623,0.10217173217481493,May,2,0
2035,11.0,2171.1438131617692,0.0008709024532473316,0.033524490365406306,Mar,2,1
2036,34.0,725.7415673111669,0.003568954919805031,0.01001621122032335,Dec,3,0
2037,644.0,7151.711431219348,0.1788987855504493,0.11437355387832696,Nov,4,0
2038,583.0,26570.26916494668,0.03874883053697272,0.17393812502450326,Feb,4,1
2039,65.0,4040.588934688775,0.0025732328020427564,0.019752126905268605,Nov,3,0
2040,1.0,2195.0929393276983,0.00865493473611238,0.04407712484265184,Jul,8,0
2041,22.0,1163.0612796095245,0.019808716577069074,0.1803382393724736,Mar,3,0
2042,2.0,1883.271638328722,0.18799971858391698,0.19854604844308635,June,1,0
2043,43.0,1967.2091581423779,0.00656931252219063,0.07306321524864967,May,2,1
2044,3.0,4967.471914484775,0.0006551571506319605,0.03682075398624857,May,2,0
2045,37.0,1451.4272180532264,0.028182462904204224,0.06488670329990046,Jul,6,0
2046,451.0,27622.58822159115,0.06769182829766042,0.13866689647159916,Jul,1,0
2047,28.0,1361.5523013977838,0.009666801437069508,0.021627677312610324,Nov,2,0
2048,10.0,2063.07724444948,0.1866767819624759,0.187055080135253,May,2,0
2049,303.0,685.9327764873748,0.05581077340046162,0.003615796561129452,Nov,4,1
2050,300.0,20634.246567201575,0.14372768035883207,0.1554665524157374,Sep,1,0
2051,344.0,22312.241322257687,0.01787877425176208,0.004414747189277269,Feb,3,0
2052,33.0,2544.1986376128675,0.006604257484880066,0.04388620168908662,Mar,2,0
2053,339.0,3200.5073101753333,0.1732042771150451,0.10210561611681002,May,7,0
2054,477.0,8783.916088486843,0.06059197077565272,0.09463912839136789,Mar,3,0
2055,641.0,31683.449260581398,0.054457945804116885,0.013859083297372147,May,7,1
2056,428.0,6087.145255904455,0.06440441044140813,0.043039983941435274,Jul,6,0
2057,608.0,5023.642996074097,0.17432159498095479,0.042222881313045864,Sep,4,1
2058,497.0,29856.798941745128,0.027860136752335424,0.049343419316340745,Mar,8,0
2059,616.0,32838.10705485407,0.16685232623607563,0.031646471037101886,Feb,5,1
2060,43.0,2550.9057205128,0.0073642684275008275,0.013916399989507871,Mar,1,0
2061,496.0,4047.8496962782556,0.18741716921798515,0.16408038616711318,Feb,6,0
2062,664.0,22847.186871096128,0.17146502288805116,0.09693340477446814,Aug,2,0
2063,23.0,463.6876069919886,0.002479878734837223,0.026627426920029635,Aug,4,0
2064,227.0,994.3232346565409,0.06408410590106592,0.1218292356718218,Aug,2,1
2065,107.0,443.62295759693035,0.010651859217870296,0.0161006936880783,Aug,4,0
2066,30.0,962.9444871939382,2.2735572243401947e-05,0.04296030008885558,May,2,0
2067,672.0,7344.255834355042,0.17548742363933906,0.14501527152586455,Sep,4,0
2068,191.0,23174.093268242254,0.1795159419557484,0.13769089274480784,June,6,0
2069,304.0,6855.404351878128,0.1093648609409167,0.07043375478758925,Mar,4,0
2070,65.0,22068.436732876013,0.17809287002493326,0.0011828231994229644,Aug,2,0
2071,536.0,485.9293124895243,0.0831663889545041,0.017122338752411956,Nov,4,0
2072,464.0,21756.691549388834,0.1881446220231657,0.06262822278127075,Nov,7,1
2073,43.0,2639.7842846359995,0.01916024352398761,0.028670168195079566,Nov,2,0
2074,635.0,40071.83097960644,0.12065486293099739,0.017728400662704556,Sep,5,0
2075,34.0,1704.0938683214151,0.19988194470809448,0.195088617564897,Dec,1,0
2076,39.0,34266.79516446666,0.17273924945750468,0.18962123889683577,Dec,2,0
2077,299.0,29691.723119776023,0.06814049474200412,0.11458651210102616,May,7,1
2078,35.0,21096.964098465392,0.09991297544445009,0.11945134513134249,Dec,2,1
2079,4.0,1811.3209135696413,0.028006267788959288,0.04046783156554772,Nov,3,0
2080,481.0,10271.785767972753,0.12886175243940484,0.04349176271957947,Feb,6,0
2081,13.0,1139.854862809524,0.0002888933483442487,0.038078938277990956,Oct,2,0
2082,451.0,28793.307628820192,0.09616648420856425,0.00040939839538230773,Mar,3,0
2083,50.0,32424.016730805826,0.15141175157333198,0.009557639823691544,Oct,6,1
2084,92.0,33749.21049641709,0.1627874950712495,0.0001005580673481991,Oct,4,0
2085,27.0,57.91517302119316,0.030694415769196293,0.05462782266067059,Nov,2,0
2086,461.0,36260.28536413845,0.09271721367696104,0.04895872471373261,Nov,3,0
2087,112.0,6221.976952985694,0.00466822605176925,0.030655854289170562,Aug,5,1
2088,323.0,4545.3456770997645,0.1383370499779149,0.08281362051640499,Feb,1,1
2089,501.0,17075.30208521702,0.1367243390083741,0.11658280733919858,Aug,6,0
2090,552.0,33262.19026429926,0.037702160950811844,0.15426704207797823,May,7,1
2091,537.0,399.84743316240866,0.18400306462518826,0.17336375534284784,Nov,2,0
2092,300.0,23110.726220923458,0.110342067195615,0.007018044531317848,May,5,0
2093,82.0,31791.75297557335,0.01212537219113575,0.008921293992867561,Sep,6,1
2094,7.0,2342.2804279326906,0.0035469674389184648,0.008902994368075725,Nov,2,0
2095,14.0,1547.286287995634,0.0071096313101541575,0.01392679305924222,Nov,3,0
2096,19.0,1799.8778507375503,0.005895761645438511,0.017867778600113647,Nov,1,0
2097,540.0,282.57250261701273,0.1740096105167568,0.16163169481399625,Aug,2,1
2098,332.0,11174.994317859437,0.15154889918731737,0.021426856789770406,Jul,5,0
2099,672.0,36195.0386025653,0.05968998602728514,0.07828051968286559,Jul,4,0
2100,12.0,205.98086218797928,0.023977985199166746,0.04568091499528074,Nov,2,1
2101,649.0,11859.071676471454,0.11160334787266771,0.16261641667282542,Dec,8,1
2102,602.0,32263.6304132125,0.0044318546474407545,0.041447567244898044,Jul,7,0
2103,369.0,20121.18041027223,0.0615176482899254,0.15858732868286368,Aug,6,1
2104,510.0,14188.635942947367,0.010915180411614076,0.0024328477521827364,Nov,4,0
2105,514.0,16323.787761672213,0.16000833917490934,0.11573660177911725,Jul,5,0
2106,419.0,21799.86182705863,0.01999564004743326,0.103210660729735,Feb,1,0
2107,163.0,17408.665743444988,0.1854678738493475,0.19504482038138682,June,2,0
2108,8.0,485.7395045149836,0.1934116496863858,0.1925204942158332,Nov,2,0
2109,62.0,2075.337396647819,0.00988488326546612,0.0025746935089980298,Mar,2,1
2110,349.0,14395.369837196953,0.07440224384801775,0.17419609341704775,Oct,3,0
2111,61.0,27932.655497704753,0.010675404108008437,0.02266224583688302,May,2,1
2112,1.0,1441.4323040900285,0.001534187640586411,0.02103517017876337,June,2,0
2113,20.0,2443.4488979049843,0.005562805816612681,0.014061092851437558,Nov,1,0
2114,470.0,35031.830888542936,0.0592029110762957,0.04135285702408448,Mar,4,1
2115,144.0,25405.859741939195,0.039095421606543536,0.000194845370700647,Feb,7,0
2116,629.0,36414.85680382191,0.003442453942644656,0.043355826284721385,Mar,7,0
2117,290.0,7972.628322766756,0.1275110413706355,0.07411935931860279,June,3,0
2118,13.0,2343.3051581576533,0.007918971753299779,0.0028417843103789916,Nov,1,0
2119,650.0,33197.606851388475,0.08411998625572092,0.10902252843695959,Jul,8,0
2120,449.0,33429.43307706696,0.006140037643384644,0.008706389162488226,Oct,2,0
2121,34.0,257.0936494090299,0.0008045366689315378,0.016604252088147097,Nov,3,0
2122,6.0,24527.340758482205,0.09263292210198357,0.11222894079735447,June,8,1
2123,21.0,1438.5648008832318,0.010564619817460218,0.012958952377559384,Oct,4,0
2124,354.0,29408.79878037331,0.19586121863114322,0.10195235055943876,Jul,7,0
2125,290.0,15143.090246726724,0.017440373803628867,0.17105684206569183,Sep,3,1
2126,112.0,37738.50268338099,0.04699473761418642,0.14755997501741086,Nov,2,0
2127,491.0,12858.780665441578,0.001270503638634389,0.0007555294670260955,Jul,3,0
2128,648.0,17641.20472543955,0.01046599183055429,0.10882680901108686,Aug,2,1
2129,234.0,39813.854987342966,0.04788037027881071,0.008108300885281994,Aug,2,1
2130,34.0,1105.074642547492,0.0026291496533252445,0.0471363707428285,Nov,2,1
2131,561.0,11244.825258028824,0.12056599166742817,0.15534696836150647,Feb,5,0
2132,25.0,1904.12247858851,0.0025845023235430927,0.00510628659047638,Dec,3,1
2133,578.0,8439.453101358458,0.07733080649514715,0.17657320069717072,Dec,7,0
2134,518.0,39622.5397532121,0.10554896044235867,0.1842421085450177,Oct,6,0
2135,432.0,29563.179926890898,0.054254174279307725,0.11439858540960376,Aug,3,0
2136,228.0,35427.58182992017,0.18830198736264073,0.09211593077878696,Jul,4,0
2137,554.0,17789.881913637353,0.05645547834095082,0.023378194347970258,June,3,0
2138,130.0,341.47589494895533,0.055990406275311794,0.0635472971105712,Nov,1,0
2139,1.0,1939.1594152549899,0.0005021204210900043,0.042370557596070856,Mar,3,0
2140,75.0,146.44062073210463,0.00244180799632786,0.023204814123394153,May,2,0
2141,5.0,10.689398987239615,0.008739227361074279,0.07249211597708283,June,2,1
2142,56.0,3634.9204630093004,0.0735510376567764,0.17166403269393382,June,4,1
2143,216.0,38768.718247393525,0.187468863546023,0.08001893301947456,Feb,2,0
2144,27.0,2666.6522835134865,0.005221139669504336,0.014254947161347849,Mar,1,0
2145,463.0,7621.979759331868,0.10032498683884018,0.1291415697596173,Aug,3,0
2146,24.0,1690.7339591224793,0.015835283992774805,0.03729603312970307,Nov,2,0
2147,418.0,23312.970739667213,0.12510171964170252,0.14291555006296305,June,1,0
2148,323.0,28528.292227627175,0.16473589820338355,0.1868718914959367,Oct,1,0
2149,35.0,1068.4849893095316,0.00039759566236822715,0.025826992975181384,Nov,2,0
2150,287.0,22887.32874766735,0.1257535041413095,0.06827004251771478,Dec,8,1
2151,682.0,22191.929888985178,0.14442069184939582,0.17483442106094443,Jul,2,0
2152,2.0,37626.138949977845,0.023925453347678656,0.01359784333076889,Jul,8,1
2153,626.0,14855.438776268673,0.04097202792619957,0.041149507462637604,Aug,8,0
2154,178.0,25042.122036005887,0.06911803251715312,0.003774273183766936,Nov,4,0
2155,63.0,1026.5208737030644,0.0016534268782523163,0.007680136932475647,Aug,2,1
2156,43.0,10152.488057304865,0.08422025256029948,0.08472489624244893,Nov,2,0
2157,365.0,10004.789906726106,0.01428692728803706,0.0042552621560974025,Feb,3,0
2158,591.0,27845.950382230414,0.05073672494715893,0.12225465520791051,Oct,2,1
2159,624.0,5920.128921092715,0.054999858639226226,0.013142762854549132,Jul,8,0
2160,16.0,142.67407337581525,0.0039052967573579467,0.0006017263046466459,Nov,2,1
2161,558.0,18120.88180140656,0.050479469783266374,0.09373130331295243,Mar,8,0
2162,35.0,9913.23331298914,0.10882054380276639,0.09239077974441244,Sep,2,0
2163,24.0,1854.3513014553037,0.0015702927499039662,0.01668165910382083,Mar,2,0
2164,64.0,13766.487968926058,0.0798884519514701,0.050097855462010066,Mar,2,0
2165,633.0,34919.65863563917,0.12909738654635114,0.020551132828663415,Jul,8,1
2166,64.0,6606.9711516627685,0.1966413034643954,0.03638781350814023,Aug,3,0
2167,471.0,14274.84218103866,0.05852143596108737,0.09621281103859573,Nov,7,0
2168,159.0,11957.990651979277,0.06551706117821195,0.04332367581162255,Aug,8,0
2169,45.0,599.9653871628882,0.010554329449751428,0.04350345978559558,Nov,2,1
2170,512.0,20336.826656340676,0.05428546082645848,0.10524103720853277,Feb,5,1
2171,585.0,40107.67909492998,0.06282086892811715,0.10584386439977725,Mar,1,0
2172,503.0,19591.25485625786,0.08542004194480365,0.19119822555591384,Sep,7,1
2173,550.0,36381.22027085085,0.06885870508015397,0.011153859814110876,Sep,4,0
2174,101.0,23596.39059914027,0.12941529231706866,0.19380876880154188,Oct,1,0
2175,513.0,18227.75569231881,0.08356004268868872,0.1393758685438624,Aug,7,1
2176,263.0,983.1140972267422,0.05583982578234945,0.02145932069174291,Dec,5,1
2177,564.0,17960.445685553044,0.17938042835937248,0.06181938754935733,June,7,0
2178,120.0,3747.301232178243,0.004861970363803245,0.017192561231522227,Dec,3,1
2179,622.0,41919.40619699345,0.11687664808525572,0.1648137400610558,Mar,5,0
2180,641.0,23245.05620972395,0.19475617469764764,0.12419898372818432,Oct,3,0
2181,47.0,1857.3436535492199,0.004038228459846976,0.12866281762250997,May,2,1
2182,387.0,11310.721386991081,0.10766932011234136,0.1188117911426444,Dec,4,0
2183,127.0,31394.2725186526,0.11649645545370882,0.0736204745122766,Aug,1,0
2184,602.0,38854.556910058716,0.0876948500121841,0.17555845892071453,June,7,0
2185,27.0,509.6460086865753,0.007331958015487036,0.020937619181026934,Nov,1,0
2186,116.0,25352.944863703542,0.14462926723122896,0.06160272812570717,Aug,4,1
2187,508.0,29423.973211062876,0.03165606713528337,0.15424040029717048,Dec,7,0
2188,25.0,665.8170580213288,0.022162034543235662,0.03290803761903804,Oct,2,0
2189,22.0,784.8412969843221,0.19446876424470147,0.19377783727334238,Nov,3,0
2190,29.0,829.9314865892729,0.016230727954845394,0.043050279138550036,Nov,1,0
2191,194.0,16545.22778381253,0.0646461848210188,0.12702230465233513,Mar,4,0
2192,416.0,24601.66522183016,0.17497931426609306,0.13571655153741635,Aug,6,0
2193,91.0,792.7369520966154,0.16283074232491038,0.007327040712683199,May,3,0
2194,674.0,30738.094630085,0.058315084502195316,0.1827938714824228,May,8,0
2195,634.0,34074.59728819554,0.06817434443810073,0.13627861355452006,Oct,1,0
2196,9.0,776.4510521559192,0.016162012457932584,0.039199811008125945,Nov,2,0
2197,23.0,2813.5370656819728,0.006205201072818342,0.006060634359972465,Nov,2,0
2198,242.0,14954.874677841875,0.054428080845750945,0.0193265392220682,Dec,5,1
2199,243.0,28686.487394629945,0.024619365056310103,0.056020720297859865,Oct,1,0
2200,346.0,28803.576987586144,0.043016990651898165,0.04775889821770221,Dec,5,0
2201,45.0,1891.1656494954507,0.11768769407930979,0.027499330914309044,Dec,2,0
2202,362.0,37762.650547158046,0.1618679143563099,0.12894858260715983,Dec,5,1
2203,8.0,35855.45832105507,0.18390714802997157,0.005739348419811849,Oct,1,0
2204,26.0,2745.9692595658175,0.00423370829074587,0.022061737557337376,Nov,2,1
2205,454.0,20869.311941274413,0.1965837881774811,0.01186317534203062,Sep,6,1
2206,206.0,7784.135353029296,0.13341107215283685,0.09487919503040068,Sep,6,1
2207,46.0,4157.949242086359,0.005571399372729332,0.02145727862741071,Feb,2,0
2208,186.0,950.2824002923313,0.05569141521442677,0.04340967414727089,Mar,3,0
2209,67.0,2182.7998428552914,0.008270237694523931,0.027005774065025526,Mar,2,0
2210,31.0,19780.244888480735,0.01795096302875185,0.03496777315364392,Feb,3,1
2211,45.0,22214.426745777968,0.19432121644691422,0.1877282396305614,Dec,2,0
2212,372.0,41608.95955100262,0.05272115280028748,0.13369959676395665,Dec,5,0
2213,558.0,14151.456316593558,0.1384260311292858,0.06298625462134644,Sep,6,0
2214,627.0,7550.683855434225,0.03219003079943566,0.048033910510931296,Sep,7,0
2215,657.0,13917.138440139364,0.14986769540819453,0.18142689033754986,Sep,7,1
2216,33.0,36534.196592050044,0.11395817678252976,0.08294240220382032,Nov,1,0
2217,530.0,34419.407453453096,0.14611978093987665,0.05392531251774086,Nov,4,0
2218,214.0,3718.744892220183,0.04473168025196301,0.11348115321792233,Jul,3,0
2219,538.0,23239.06527541668,0.13229819116421615,0.07204978178425911,Oct,6,1
2220,29.0,1441.7895428250117,0.01163456874998961,0.09351590649409688,Jul,2,0
2221,416.0,10263.189282775957,0.148141633515732,0.10250555414034149,Jul,2,0
2222,615.0,6536.372362432048,0.12958489284812327,0.023340588268242188,Nov,4,0
2223,270.0,31980.249916843164,0.17997811588120696,0.1690095432230167,Aug,1,0
2224,421.0,38137.437775420134,0.18712035013991907,0.04115913820916667,Mar,6,0
2225,617.0,28522.587758777063,0.17799671617756352,0.10037253420730989,June,2,0
2226,553.0,31951.41959763883,0.09117144201256014,0.01977092278044188,Nov,4,0
2227,685.0,20832.11264092796,0.13593299517039187,0.096236633736698,Dec,7,1
2228,123.0,11622.073190274104,0.12578837338659588,0.18573484364992332,Sep,1,0
2229,680.0,30573.168706261087,0.07408453948613673,0.19962440071727075,Nov,4,1
2230,642.0,6529.291053762169,0.19958204394579812,0.0886086500710681,Oct,7,1
2231,154.0,15135.900049082926,0.11388616266446104,0.03354277483424222,Jul,5,1
2232,2.0,2078.6549148770882,0.19404150226702477,0.19917753850526101,May,3,0
2233,9.0,7959.147862111813,0.08920406128377377,0.08461063487257273,Nov,1,0
2234,283.0,28064.000729671032,0.059349447567475566,0.11702252387752751,Sep,3,0
2235,475.0,831.6578968692851,0.05948857418867767,0.14253874699070143,Sep,4,1
2236,52.0,3285.0562806767134,0.007934170741347819,0.024742608374699028,Nov,3,1
2237,50.0,4395.368909046973,0.008967670032417944,0.03877819023156836,May,3,0
2238,74.0,2424.253480117654,0.0011032958317704234,0.00294577426826465,Jul,2,0
2239,37.0,1967.0319173534056,0.04724282515273648,0.10040304330293731,Nov,2,0
2240,292.0,25069.985929399507,0.1600705947365148,0.12156648428334943,Mar,2,1
2241,690.0,22629.027538011167,0.15951472457792318,0.11241508835501283,Dec,7,1
2242,27.0,21260.75058087299,0.08745856251003047,0.10594023656317436,Dec,1,0
2243,3.0,2728.164871601083,0.1948980326916434,0.19841891040908324,Feb,7,1
2244,338.0,1106.4853140212592,0.026835263225747766,0.05932177300265367,Sep,7,1
2245,26.0,651.7462539616607,0.00959241830911749,0.0079857586786057,Sep,2,1
2246,646.0,37204.7638760687,0.15480618978336688,0.1717742944888926,Dec,2,1
2247,655.0,7761.489425014348,0.02795745363415822,0.13342664132257784,Sep,5,0
2248,3.0,247.32342767959364,0.19281479891377623,0.1989883329014072,Dec,3,0
2249,162.0,29720.001444856804,0.12795644794145938,0.08128159602255242,Sep,5,0
2250,83.0,33179.49240415456,0.008131655065196843,0.024810493017435205,Nov,3,0
2251,22.0,1461.5028726402506,0.0013002687726882765,0.017248072387930587,Mar,7,1
2252,673.0,10410.426385206007,0.04429034582856226,0.09665889566476216,Nov,4,1
2253,290.0,1175.2237190566177,0.005534750853199742,0.14310956407903916,Sep,3,0
2254,434.0,37520.299087340034,0.028235217824163193,0.0036862827825071987,Feb,3,1
2255,548.0,17321.990518944403,0.05494869813609136,0.01121502242926462,Jul,1,0
2256,428.0,36329.71969099658,0.18080129213168553,0.13956963528876704,Feb,2,1
2257,337.0,23647.88535354091,0.12863122206085417,0.03831859901076094,May,5,1
2258,620.0,6417.334457298272,0.1855634558754849,0.05964310736607927,Aug,1,0
2259,223.0,3042.24817916353,0.07087205978365653,0.15709607437173137,Mar,4,0
2260,614.0,11361.196144135478,0.0038320875940062483,0.04098319948202497,Sep,7,0
2261,88.0,14963.684511095327,0.06317873237326148,0.0874489668126231,Sep,8,0
2262,263.0,21400.526451535363,0.16684282769844716,0.14006304305880896,May,1,0
2263,516.0,3884.056309451517,0.17222452006031433,0.10862945132808736,Mar,3,0
2264,27.0,1437.6924595685373,0.012871083172315084,0.012719535127075313,Aug,3,0
2265,540.0,41587.238004678715,0.12438615672221,0.06479850671076616,Sep,4,1
2266,637.0,24955.640880442446,0.12364920813331445,0.021105324734213397,Mar,7,1
2267,39.0,973.7056765348073,0.01016953320484754,0.017968346555446376,Jul,1,0
2268,8.0,2362.9132377484875,0.0019995926250663313,0.02965467114828286,June,8,0
2269,3.0,5410.220656634015,0.003828587588337178,0.030680502099457815,Feb,1,0
2270,299.0,8288.47216113185,0.05948804648592272,0.10685372088591708,Nov,2,1
2271,199.0,2198.854997407297,0.07866591927874463,0.1520302601639899,Dec,3,0
2272,47.0,88.45732019626067,0.010387332518345047,0.030570845604758166,May,3,0
2273,46.0,1696.5905284701078,0.008335102958754302,0.023388880676954826,May,1,0
2274,25.0,42242.31680292837,0.014794621633987287,0.04029197784103017,Nov,2,0
2275,27.0,1391.0849803659357,0.011587057244191384,0.1228346417666419,Aug,3,0
2276,241.0,42347.32978050145,0.14049310487570094,0.16559441502308972,Mar,6,0
2277,666.0,32406.627901355405,0.18152969884408124,0.10637079732278715,Mar,3,0
2278,483.0,5514.615309012527,0.15745591549432075,0.14937754326267075,Mar,3,0
2279,67.0,1394.49449291139,0.0015067677176110639,0.01155795283799235,Mar,1,1
2280,365.0,13327.342274928304,0.09910611523941099,0.1969903066224204,May,7,1
2281,674.0,29540.8561501699,0.055962340929277335,0.18640275023831118,Dec,4,1
2282,583.0,33202.84131464551,0.12017305160052974,0.08082546423145115,Feb,5,0
2283,2.0,1141.1085303947932,0.000934334984113964,0.008781387748304625,May,4,0
2284,84.0,2771.7593084364235,0.008889801831006303,0.006965550059680188,May,6,1
2285,261.0,12991.532896411296,0.0692733317140351,0.04075117476945924,Nov,4,1
2286,645.0,13397.078014924698,0.1540386707544768,0.11924402430033865,Feb,8,1
2287,385.0,24411.47599531367,0.1311044802368248,0.05759361588345613,Dec,6,1
2288,488.0,39679.1175297122,0.07363957363337734,0.08948206326315586,Sep,4,0
2289,679.0,14454.645246032469,0.05094203416651979,0.09743486747662053,Oct,3,0
2290,31.0,1704.2850295815635,0.01272331799006521,0.19045046451359807,May,2,0
2291,144.0,20875.5967201146,0.14027780677004814,0.03520979662735545,Dec,1,1
2292,220.0,3609.7865304621164,0.14592846407570634,0.17813231282569678,May,8,1
2293,25.0,2123.033426506712,0.007245934728141626,0.018209567253951345,May,2,0
2294,14.0,22004.09984176738,0.19442749679138047,0.19382926223373517,Feb,3,0
2295,15.0,4209.630312025243,0.0005814306315370374,0.03643694551449606,Nov,3,0
2296,610.0,40063.269798381225,0.08632166565139669,0.07904140211896378,May,5,0
2297,5.0,524.730471719902,0.004390969385295223,0.0043475834305524005,May,2,0
2298,178.0,665.4323962325667,0.09389322883421933,0.16701141635097996,Sep,2,1
2299,128.0,3884.7233641301677,0.00027048851868984573,0.052227925403995006,Mar,7,0
2300,304.0,31603.13797881813,0.06742959742453895,0.08899248460045708,Sep,3,0
2301,97.0,25174.34069463865,0.14371638596283823,0.02212759434718033,Aug,4,0
2302,15.0,2426.8359527929147,0.026514044781019104,0.19956659009016164,May,2,0
2303,233.0,17218.3300834178,0.05876818426669862,0.038674313247195224,June,1,1
2304,46.0,1326.404724493497,0.0046634792997128135,0.022493872203876445,May,3,0
2305,334.0,31365.22791819322,0.04172919731275172,0.15751823805445794,May,2,0
2306,32.0,1815.2996703033525,0.011920920789903366,0.01964508779695992,Nov,3,0
2307,563.0,42479.256175749026,0.13355191288336118,0.044617936493537694,Nov,4,1
2308,6.0,1225.644004192211,0.046436697210920655,0.08105220261215428,May,2,0
2309,656.0,13947.699124663171,0.15769607393313392,0.07211045948802745,Sep,7,0
2310,29.0,1092.3415239774497,0.011200818298532087,0.032216919062964235,Mar,3,0
2311,7.0,27544.726286901452,0.09679856124536627,0.10068048695459689,June,8,0
2312,61.0,1016.4844474621301,0.0225778642748106,0.15124073934946583,May,2,1
2313,28.0,2077.1258001979845,0.012462657488278368,0.015817382596857808,Nov,1,0
2314,53.0,41893.860902972876,0.13824901602830872,0.09993297926350182,Oct,4,1
2315,59.0,2870.080577896161,0.0015303392396365469,0.0091690038604823,May,2,0
2316,321.0,38686.830751461945,0.167959988308366,0.13101609798604452,Dec,8,0
2317,433.0,26204.36827402705,0.16880052247947977,0.12029974011856145,June,8,0
2318,365.0,22076.072895083795,0.003925193818008754,0.010604533240572513,Feb,5,0
2319,44.0,1212.1474778033576,0.0093616491955449,0.03504808472813529,Mar,3,0
2320,43.0,1515.526204192487,0.004509324102381806,0.10162094670684232,Nov,4,1
2321,3.0,521.1788793389136,0.022655800861023687,0.03356673984816843,Dec,1,1
2322,155.0,11877.255168759712,0.04687440531570748,0.037866654011907884,June,2,0
2323,64.0,3118.0556530818185,0.01827707086963016,0.03839009251520651,May,1,1
2324,68.0,23926.012046458014,0.19496517108346856,0.19188898282181976,June,4,0
2325,612.0,18253.49380931804,0.19120364901851522,0.12599309981171447,Nov,4,0
2326,213.0,28266.955231236007,0.04404937425812047,0.13384213190482558,Jul,7,1
2327,6.0,1038.526424359164,0.19274558707657416,0.1878539645597581,Dec,1,0
2328,41.0,2573.321882578507,0.004753746365220734,0.047437506212011746,Nov,2,0
2329,407.0,38240.218152385205,0.19127140912147544,0.11498343674369198,Nov,2,1
2330,250.0,8495.161658094,0.012242952999332797,0.08912454755057915,Nov,8,0
2331,76.0,9741.7933284206,0.1754296923593353,0.015353376633864466,Jul,2,0
2332,9.0,1206.217370243083,0.012370027315092584,0.031696266060956026,Nov,1,0
2333,42.0,21066.14943503946,0.19931031837110427,0.1891112704203371,Feb,3,0
2334,164.0,41121.969181140434,0.18111473353289884,0.05576077394977547,June,2,0
2335,443.0,30699.01330471579,0.014349792114850844,0.12097708928788709,Feb,4,0
2336,118.0,22606.468296505944,0.004893745937439459,0.05402963039446748,Nov,2,0
2337,482.0,17064.636182067698,0.16312623573409188,0.12387358768241408,June,3,0
2338,388.0,408.728370933664,0.16321428660218637,0.18503691134239456,Mar,4,1
2339,44.0,31702.04118803451,0.024892633968766197,0.04485567160470595,Jul,2,0
2340,38.0,205.19169441705222,0.011806074782872834,0.02055966591304191,Dec,3,0
2341,309.0,2384.495626351803,0.10266638858636146,0.18606143116107476,Mar,1,0
2342,331.0,36385.684153136375,0.06055952857950239,0.08282548805042363,May,7,1
2343,29.0,713.3884116321653,0.014948286635163897,0.19761490430279433,May,2,0
2344,41.0,684.5981201995886,0.013277634045996405,0.003097333392032913,Dec,2,0
2345,612.0,10828.203503040344,0.014179438328289487,0.0820279544926555,Sep,7,1
2346,391.0,9737.761911355807,0.15857071384088703,0.08444322172934897,Nov,8,0
2347,234.0,5957.288993397765,0.18665763412181482,0.08614343432150878,Oct,1,1
2348,44.0,489.7422157132998,0.003488136417795628,0.018182673263273955,Dec,2,0
2349,14.0,853.2608338968976,0.0019411475869594405,0.003220174416145887,May,2,1
2350,1.0,700.53101484375,0.0012223506424625338,0.036696317064056815,Nov,1,0
2351,61.0,5258.237580363994,0.010589323112692842,0.01635210701222504,Nov,2,0
2352,438.0,8487.62803475195,0.058835926173836504,0.044917736042881184,Dec,4,1
2353,8.0,1846.0650282467943,0.029283555711104706,0.05495302065783309,May,3,0
2354,71.0,31812.773628522787,0.0095164522914973,0.0008982207486959704,Oct,3,1
2355,77.0,3155.6613686500955,0.01128825594221195,0.0678565472466001,Mar,8,1
2356,131.0,28378.919170735557,0.14222179959261175,0.06833012282950676,Oct,6,0
2357,224.0,8988.392008906329,0.19895002111940283,0.07651014903556866,Sep,6,1
2358,31.0,1228.1171287002542,0.026637087671713737,0.03269958949106695,Dec,2,0
2359,475.0,25337.776934025365,0.061622318508877214,0.13956845789122885,Oct,5,0
2360,299.0,22090.368204603034,0.07072388903962325,0.17012082787019187,Feb,4,1
2361,397.0,10180.940286152027,0.00775976634241399,0.02386978728504533,Mar,2,0
2362,125.0,21962.016767670666,0.17889302132074147,0.1336291748140959,May,1,0
2363,0.0,1322.2469027952056,0.19932279935222577,0.1868222286176303,Mar,3,0
2364,356.0,42488.70316930829,0.05298489595762645,0.1617813723314073,Jul,7,1
2365,29.0,123.5796651017038,0.00991987003092266,0.022037901729848777,May,2,1
2366,357.0,9736.523705413985,0.1962605623930062,0.15016681991076472,Dec,2,0
2367,417.0,18403.350751927173,0.1811805670202016,0.14098477368177337,Jul,4,1
2368,37.0,25440.39956869888,0.0815366184422434,0.04745674676810655,Nov,2,1
2369,519.0,30589.428604503675,0.13949623268972997,0.10553042417230558,Mar,3,1
2370,278.0,10688.33661506086,0.19830681788096155,0.16292807186881977,June,3,1
2371,200.0,12458.517927421759,0.10696799245453156,0.06398989191261303,Sep,7,0
2372,13.0,2259.4925146738356,9.216822924478527e-05,0.006554283119823167,Dec,1,1
2373,351.0,24377.428359375164,0.12666485080910683,0.04493741587799892,Nov,2,0
2374,418.0,3279.8808566917655,0.08079739485034637,0.038083140568648394,Sep,7,0
2375,625.0,26073.27851824439,0.025419264925116175,0.05017424308485833,Dec,8,0
2376,480.0,35703.25632777751,0.19603083712712374,0.1605957952125776,Dec,7,0
2377,14.0,1307.679472541253,0.003691985713429708,0.029890013122887867,May,1,1
2378,141.0,35064.81429266791,0.036221000295228324,0.031983213518013476,Sep,6,0
2379,15.0,356.6846304080347,0.0022419865775884255,0.04573213936343403,May,1,0
2380,580.0,18119.480007809834,0.13629223233935522,0.04441366990795617,Oct,8,0
2381,698.0,556.8477486561823,0.13261393252920858,0.12469251855581948,Mar,8,0
2382,38.0,2222.1547889891353,0.019185144487770707,0.049819290425784715,Mar,3,0
2383,380.0,20757.473621071844,0.08528154706674558,0.05131724338657621,Nov,1,0
2384,166.0,22286.788956641438,0.082821388011538,0.07780757512968552,Feb,7,1
2385,37.0,293.57618060114083,0.02458536619922732,0.013650934105318485,Mar,2,0
2386,472.0,23425.7911931074,0.0572027526009942,0.13735842806436288,Oct,5,0
2387,7.0,952.4582776829188,0.010845507111378392,0.0019817978447466593,May,4,1
2388,216.0,21370.330151428796,0.13174099006183654,0.13485177410608898,May,5,0
2389,63.0,973.0617425156262,0.010594542049922061,0.03458495023234762,Dec,2,0
2390,41.0,39748.793277278266,0.1096792959233865,0.17425280066661067,June,2,0
2391,259.0,9175.878376746721,0.0006901189134040801,0.17794918976123603,Dec,5,0
2392,42.0,587.1946923171527,0.00013928372936202897,0.006793237032771712,May,2,0
2393,354.0,39200.531895162756,0.0061242372347742454,0.045805862813608066,Feb,6,0
2394,31.0,262.8964070351698,0.0010399494158712145,0.011568608224992605,Jul,2,0
2395,142.0,26561.31505119974,0.09654425227538825,0.1700334410708651,Mar,3,1
2396,638.0,14138.311724214553,0.08799170780374731,0.06353025217005788,Sep,7,1
2397,628.0,10729.701655619221,0.13291504052246567,0.008520350548419172,Jul,8,0
2398,66.0,295.17280687182733,0.009594011899960264,0.035740696510723244,Nov,1,0
2399,579.0,36962.0091340183,0.14371357327003828,0.04371080442070688,Mar,1,0
2400,318.0,38370.44312469237,0.023368468776307348,0.0019842689635736805,Feb,5,0
2401,15.0,846.0646064933402,0.0013165275059322762,0.029658773881142263,May,2,1
2402,67.0,12078.19814484838,0.07324157377061523,0.021997558125562047,June,4,0
2403,36.0,1537.281875492616,0.012295525947780528,0.04420952069543039,Nov,2,0
2404,24.0,2410.7158044933294,0.18799691138269042,0.18961840317946924,Dec,3,0
2405,17.0,146.7430968537864,0.003810917632512327,0.03642313043832404,Dec,3,0
2406,168.0,15505.54877046019,0.12174805807653623,0.08711330626605336,Oct,8,0
2407,471.0,29705.28918987794,0.034453444488075996,0.1881352099794264,May,8,0
2408,27.0,423.6581722173749,0.008651212285509555,0.018160644250783863,Dec,2,1
2409,470.0,12358.883471817508,0.12008858158601554,0.04838441638968756,Aug,7,0
2410,644.0,4850.793996244807,0.0032836222098261204,0.1278697824819512,Jul,8,0
2411,10.0,1762.6711869385401,0.011002269504373824,0.04399309127143948,Dec,3,0
2412,570.0,6033.196730521075,0.03461223607822475,0.17538865905600495,Feb,4,1
2413,543.0,28794.924605907614,0.025713935331466847,0.15784097647167403,May,2,0
2414,218.0,8738.902474934974,0.0041382964721623,0.007712816667705278,June,3,0
2415,558.0,18790.30288272069,0.04030610457978337,0.09905673981432327,Nov,4,1
2416,38.0,1857.6367763752771,0.02382518910741428,0.03410036725019019,Dec,1,0
2417,476.0,42751.8371579256,0.1616908177445757,0.10889650860674126,Jul,3,0
2418,481.0,8218.103629542107,0.048804446463593165,0.0012404861125487948,Mar,3,0
2419,72.0,15719.612726472806,0.12187782085363896,0.04559134876385161,Mar,3,0
2420,90.0,1754.4663799664274,0.023109043904456637,0.14832174537929968,May,2,0
2421,396.0,33997.35029990071,0.14817969044974877,0.08568455566888582,Nov,1,1
2422,407.0,4209.482524078046,0.1141300137493612,0.10745338245338028,Dec,6,1
2423,110.0,755.8187401797426,0.008077095589817259,0.01864223471006107,Mar,8,0
2424,410.0,11520.876216311119,0.16099177545223214,0.08578581051278446,Nov,8,0
2425,1.0,1224.120772879664,0.012182557579845377,0.01696391758812187,Mar,1,1
2426,15.0,2415.3657620296135,0.0008468511039733502,0.02560582801840995,Nov,3,0
2427,29.0,3719.6042100002046,0.009094422810849032,0.004710282325888226,Nov,1,0
2428,82.0,29613.618535954804,0.10628405269493466,0.1150810110006445,Nov,3,0
2429,21.0,26.757740908145596,0.004109847522832388,0.014306926990494859,Nov,4,1
2430,573.0,8866.3871673883,0.16254852848745102,0.16526491629677376,Jul,5,0
2431,74.0,10868.819665065848,0.08717417154325961,0.04929156668677512,Sep,6,0
2432,46.0,225.58955918530393,0.0022445813236288436,0.026714927021427852,Dec,1,0
2433,682.0,36041.528318221564,0.1905123497742967,0.1306501432712285,Oct,3,0
2434,169.0,5861.205103255182,0.048310770857592195,0.19101747570006958,Mar,4,0
2435,39.0,2690.031005463984,0.05898746382099801,0.13072813262011065,May,2,1
2436,176.0,13786.51346830471,0.05210980615044007,0.01634762446766477,Oct,7,1
2437,415.0,3227.7181750199156,0.1315897790435022,0.1873006404887715,Oct,1,0
2438,689.0,35473.50962466467,0.19407344332106247,0.18323474601079848,Dec,4,1
2439,496.0,31203.911038895723,0.0013243886570442865,0.10153577784524395,Dec,7,1
2440,42.0,571.9898274322089,0.19460530561306083,0.18699959418338294,May,2,0
2441,270.0,29816.339908267946,0.04676235897547709,0.18268686810451434,Dec,5,1
2442,26.0,1026.4510487049577,0.01039266531338249,0.025585288684638018,Nov,3,0
2443,7.0,37248.34595545919,0.027919183499817896,0.06191890631823704,Oct,2,0
2444,7.0,2095.232686992743,0.002232704237929852,0.011003906666380044,Jul,2,1
2445,18.0,391.90437232884824,0.007616253612265261,0.024087413794567317,Nov,3,0
2446,47.0,2777.3645475953317,0.010764546472450775,0.021824046306482558,Nov,3,1
2447,557.0,13459.906776215461,0.09187459283659333,0.0646852913979198,Feb,2,0
2448,360.0,9530.957458523839,0.18592675609613157,0.16010597803401833,Mar,7,1
2449,28.0,336.5798862654552,0.010967997542546548,0.02287440378045009,Aug,3,0
2450,62.0,4761.060185407459,0.002267461217898775,0.0200912883776291,Jul,8,1
2451,335.0,18453.83454870371,0.1714668975660472,0.10324846276514615,Mar,6,1
2452,4.0,262.1366412205642,0.012189713042767746,0.011347575162959823,Sep,1,0
2453,547.0,39831.804285269696,0.11311441249151663,0.17669003240279757,Oct,5,0
2454,19.0,166.3399089988321,0.0029858303226360065,0.021927633313464943,Nov,3,0
2455,378.0,41510.99547992742,0.024055776424555447,0.045140014118683146,Nov,8,0
2456,593.0,27843.87273072997,0.05317145672680622,0.11993530408818961,Feb,4,0
2457,19.0,20746.480915481807,0.12951293392314722,0.15405533506357927,May,3,0
2458,178.0,7533.763342863242,0.058639620344142544,0.1984490758192045,Mar,7,1
2459,38.0,6586.850116721042,0.012330838198635815,0.04764144077920891,May,2,1
2460,0.0,1719.0763273911812,0.0142024909014925,0.019775082671643705,May,3,0
2461,471.0,34809.99992704596,0.04082208686865672,0.16932362172638182,June,3,1
2462,23.0,272.518045079281,0.01076365982247156,0.026198667972904745,May,2,0
2463,289.0,18973.60053004734,0.10785182505971436,0.09653413911510264,Mar,2,0
2464,444.0,20555.09759160778,0.14773848892676247,0.07208931419795314,Dec,2,0
2465,323.0,9111.90396729703,0.14202297932133878,0.15676831648575562,May,7,0
2466,15.0,23446.276957042028,0.02643520589536321,0.022044904341336803,Mar,4,1
2467,54.0,32922.83033128044,0.005679578420049206,0.02138980730646166,May,4,0
2468,127.0,9417.23973957512,0.13813223176251652,0.0629488689493094,Mar,4,1
2469,6.0,1696.347623778945,0.012138395028789504,0.0131873932588833,Dec,2,1
2470,375.0,11477.26046669541,0.17766760571746548,0.17348735817271296,Jul,3,0
2471,39.0,1159.470341077884,0.19716521336623186,0.18203369944683467,Nov,2,0
2472,38.0,1772.1992690027243,0.009449299959609423,0.0015299808529359979,Mar,2,1
2473,167.0,13216.157051456557,0.061547112826611794,0.1107388568254108,June,8,1
2474,201.0,3876.4556260056343,0.08747369303869168,0.11115335524973473,Jul,3,0
2475,179.0,13080.636189455176,0.18143982387299193,0.05780877883257401,Dec,1,0
2476,288.0,37159.75406739419,0.06639577139530778,0.17145319079713356,Oct,7,1
2477,30.0,2279.978920779089,0.004841592108527677,0.009392054499139654,Mar,4,0
2478,146.0,3561.8288411589606,0.1524063048200713,0.15313108312902507,Oct,7,0
2479,95.0,3663.9545779655273,0.009791013145476054,0.053621909488306245,May,1,0
2480,233.0,13479.31026918364,0.10882349370467294,0.0677042212214403,Dec,2,1
2481,46.0,2251.549292280034,0.19834487860616798,0.1991450346257209,Dec,7,1
2482,46.0,738.3958654479122,0.0018967116569103897,0.04968217135342683,Mar,1,0
2483,65.0,11531.137592940546,0.10850934428872228,0.15496629685284063,Jul,2,0
2484,156.0,28591.759299860896,0.186027288240953,0.10691869693151856,Aug,8,1
2485,504.0,32692.764950823148,0.1591297324791446,0.0790149406732247,Oct,5,0
2486,485.0,16899.331552142543,0.16245112893136213,0.10990984916110988,Jul,5,1
2487,87.0,30894.766476456673,0.050457226942602004,0.05401245227582047,Nov,3,0
2488,43.0,2535.1002335392936,0.009739961305995526,0.015691328247358464,May,1,0
2489,8.0,1836.588707798599,0.005214670753694972,0.0019898228877051802,Nov,3,1
2490,2.0,1362.1703413916855,0.009490813582502854,0.10524143660116515,Mar,3,0
2491,15.0,22745.419865773092,0.054101026791115704,0.13156623047367907,Sep,3,0
2492,65.0,33573.481270450255,0.16299646834305703,0.0857394268788845,Nov,2,0
2493,319.0,33080.45153749478,0.15356444368373812,0.09816338367529852,Sep,3,0
2494,352.0,8036.625829796245,0.04088030668140469,0.14155208948266917,Sep,1,0
2495,65.0,302.9046770571718,0.02124954510735886,0.05379300869007098,Aug,8,1
2496,45.0,1415.325109760795,0.0014798170695932797,0.01874212699105497,Nov,3,0
2497,47.0,1210.2252230048687,0.011443598659529484,0.017625955162770116,Mar,3,0
2498,520.0,24014.77754716783,0.12915083993634735,0.08861303872892962,Aug,2,0
2499,0.0,2428.3583367823453,0.049287202251211706,0.06656944718383859,Mar,1,0
2500,329.0,26803.36474089077,0.11682259171524487,0.00679877767067562,May,7,0
2501,323.0,8872.488290673546,0.14319206018323477,0.14899603033600123,Dec,1,0
2502,127.0,22024.592663995518,0.14330142958151468,0.01901494723630024,Mar,5,0
2503,561.0,40036.71496262192,0.11988407375480703,0.06366379006810477,June,3,0
2504,198.0,31914.694661835358,0.006807951185218492,0.024298323047899154,May,5,0
2505,323.0,133.25680244826495,0.05234918665788663,0.07302981353171278,Aug,2,0
2506,242.0,9357.96935670573,0.13783153543903678,0.16316810044248153,June,3,1
2507,24.0,631.0557414648375,0.01121783983276146,0.039969136061925606,Nov,3,0
2508,514.0,17644.461846343598,0.09280712481143459,0.06436520194974286,June,5,1
2509,540.0,35773.48930428571,0.07130759452549296,0.007039755562947427,Sep,5,0
2510,331.0,27263.867127018024,0.1073640515770581,0.15008316397315424,June,2,1
2511,118.0,10846.029915766267,0.09201863612909339,0.08009768580965873,Sep,3,0
2512,19.0,959.3083698569515,0.008939086521754503,0.007193654838417504,Mar,1,1
2513,353.0,25248.006084261357,0.10250774946567769,0.09405965435956787,Nov,2,0
2514,9.0,1551.009595721373,0.0029047126368619276,0.009252868225127196,Mar,3,0
2515,624.0,33524.41671290264,0.07962711875229972,0.06614456006035627,Mar,7,0
2516,456.0,23845.07417404807,0.04668635733553703,0.06622658656227665,Dec,3,0
2517,4.0,882.7715993186812,0.008358118958128484,0.007460707691259892,Jul,1,1
2518,50.0,1986.7217523715185,0.003833095366876367,0.0006363626290214697,Mar,1,0
2519,139.0,34799.7719508977,0.0030527460709105178,0.015901542717199995,Jul,7,1
2520,18.0,1987.3093991491783,7.371378070830511e-05,0.024017084612280616,Oct,2,0
2521,14.0,2275.4813892393854,0.005603219378993687,0.02232843778166945,Aug,1,0
2522,17.0,2616.4754073762583,0.06632928819521192,0.09043022911114669,June,8,0
2523,75.0,14145.332160218386,0.14688008149295667,0.09455803871171033,Sep,6,1
2524,330.0,42095.25403538175,0.0038164331095874586,0.039889541738952455,Dec,3,0
2525,262.0,3511.205928565257,0.15147050803775516,0.18767706300629852,May,1,0
2526,329.0,14532.307316678522,0.18205790608757877,0.10439523650137895,Oct,3,0
2527,23.0,1329.5212363443477,0.00443419746091311,0.023864415948147914,Sep,1,0
2528,655.0,36817.5932504342,0.12687235340331698,0.026078471351985398,Jul,8,0
2529,561.0,12691.447307683593,0.1402372596057887,0.13067313263455865,June,5,1
2530,630.0,17511.849574536234,0.0034833311479063665,0.05287039639956801,Dec,2,0
2531,533.0,2680.6192133962336,0.18466565663571954,0.11285503484974116,June,3,0
2532,284.0,31581.63618619288,0.17197362485377332,0.1951162795983176,May,5,0
2533,306.0,10089.731910140943,0.16203144951959297,0.0532813954953874,Sep,1,0
2534,605.0,11416.304010825595,0.1441610714634956,0.07336676978373845,Sep,4,0
2535,422.0,27694.019141886783,0.19351830188650682,0.06163557414579333,Mar,7,1
2536,641.0,13679.052802388189,0.14363715107966282,0.13507095756532844,Aug,5,0
2537,97.0,15746.198950724489,0.02953572761321874,0.038939918556521305,Dec,1,0
2538,643.0,31667.871652430033,0.05526654248915025,0.02409924749454277,Nov,1,0
2539,286.0,20566.462305033285,0.15600116412180065,0.002267840721519668,Aug,6,1
2540,536.0,28890.384742540085,0.04341757843088444,0.0705947115787573,Nov,4,0
2541,690.0,36158.01894272767,0.1415568199359519,0.12413796083558007,June,5,1
2542,546.0,26353.75643371438,0.1667108890210863,0.16502816273139234,Dec,1,1
2543,595.0,38459.15049970726,0.06390321049223319,0.1053566561109404,Jul,7,0
2544,20.0,2099.5212762071915,0.007502298170914676,0.03274151797257881,May,2,0
2545,543.0,2170.8641624538677,0.026114668462002014,0.16550410061716556,Aug,2,1
2546,82.0,2699.779782110883,0.007015185616965755,0.022539265591575604,Nov,4,0
2547,465.0,8094.3922932229625,0.08157668278503886,0.017793648213666937,Mar,4,1
2548,196.0,37241.1023628028,0.07389619223955787,0.14675709227515504,Nov,2,1
2549,17.0,419.0317638221668,0.004794295031253677,0.014737661419835279,Dec,1,0
2550,32.0,31543.7642901762,0.06676913289043489,0.19421400494773858,May,1,0
2551,48.0,4121.177010414265,0.01854318552738978,0.07051689645512758,Aug,2,0
2552,299.0,38998.00974199626,0.1614368421538641,0.12304144575817105,Dec,5,1
2553,391.0,8850.375218995883,0.15204865040273802,0.1955063804916236,Sep,2,0
2554,44.0,2620.990559101005,0.016190086111916593,0.04053550837798269,May,1,0
2555,439.0,26680.16715853599,0.08223963955084124,0.044345597334461785,Feb,7,0
2556,21.0,1501.6534255859776,0.006241124822044591,0.011987242525091505,Mar,2,0
2557,39.0,208.5543000943024,0.021608034055378186,0.017573777400617288,Oct,1,0
2558,53.0,26685.841462270335,0.04204173243774381,0.020545689707508207,May,3,0
2559,28.0,1171.6694141234536,0.007795115859177537,0.004506827060350144,May,2,0
2560,236.0,8950.133129968603,0.13733615251655626,0.07774183873023285,Sep,1,0
2561,146.0,16227.393755626854,0.13170761584234816,0.08242922692996293,Oct,4,0
2562,370.0,30414.509684910983,0.03145411075067144,0.05771694101746261,Jul,3,0
2563,6.0,1225.7602032188213,0.021667285132744248,0.01863223707983029,Nov,1,0
2564,2.0,10970.398268173365,0.07081649564242792,0.08936809826698702,Sep,2,0
2565,11.0,606.7540942877298,0.010564869433422063,0.01642556862730509,Nov,2,0
2566,653.0,39720.06115095661,0.09293782352842031,0.19111045615841318,Feb,7,1
2567,240.0,12520.560061642887,0.07556972662736794,0.05197519644365933,Mar,3,0
2568,369.0,7650.901123527251,0.12785877212199703,0.028337029743135227,Aug,2,0
2569,61.0,1176.4556610619356,0.15991528413366063,0.1865088041898638,Nov,3,0
2570,479.0,20415.289089195485,0.06327574887030754,0.1375280426333456,May,8,0
2571,105.0,12841.003248574645,0.12149920941277728,0.17346789647923444,May,2,0
2572,129.0,25872.71034115243,0.1464634276470086,0.1868711530908155,Sep,1,0
2573,29.0,37119.05257888319,0.19732061276687032,0.18722400215917698,Oct,8,0
2574,395.0,23734.021718122433,0.038133137327426264,0.009463699855313392,Feb,1,1
2575,290.0,21806.58622412602,0.18667688166557886,0.08943984401794904,Nov,4,0
2576,188.0,13123.95501041131,0.1185069876681856,0.08989958404542607,Mar,1,0
2577,118.0,4906.831258120833,0.16036176519744305,0.005610429254874251,Nov,2,1
2578,274.0,25030.75400941328,0.08600300823020499,0.13770964045973355,Oct,1,0
2579,663.0,36339.29781510538,0.05411577451600737,0.07653795467141647,Jul,2,0
2580,58.0,2812.8378851178322,0.011109602286441384,0.016475438105377233,Nov,3,0
2581,162.0,5371.966134473898,0.005963897189424555,0.17461217389330042,Sep,6,0
2582,124.0,25369.583578335212,0.15752541092837394,0.08965479781904936,Dec,4,0
2583,49.0,33225.63954558979,0.16875163677799554,0.10858593264896002,Jul,2,1
2584,99.0,24427.184853235507,0.001050920656536308,0.024249138377360566,Aug,1,0
2585,34.0,175.27705412368627,0.0036525827753000877,0.09773345129007713,Jul,3,0
2586,24.0,32.5311905885907,0.0011070249897462252,0.001655182863054683,Mar,3,0
2587,376.0,9973.348587740451,0.18355039575723078,0.17542983708061394,Dec,2,0
2588,10.0,723.6412899669311,0.1998536785321617,0.1996638320721582,May,2,0
2589,628.0,6708.6914933188655,0.1901989135244189,0.08606544875552008,Jul,8,0
2590,252.0,24648.549954956456,0.08853551521439242,0.10660856650019554,Sep,3,0
2591,597.0,15370.049583701308,0.10144452867846647,0.012610127419492476,Sep,3,0
2592,385.0,13428.136841806769,0.09082541252270657,0.04454766570677154,Mar,4,1
2593,76.0,1007.1872383117703,0.011114726544413898,0.004842363511807033,Dec,2,0
2594,104.0,15407.273023955386,0.02167062041466581,0.025694059556107336,Dec,2,0
2595,673.0,8817.639706381797,0.07027867282092702,0.10599472353039346,Jul,2,0
2596,18.0,1812.4591454129322,0.00804310066409087,0.004391122126802114,Mar,2,0
2597,176.0,9403.191483982273,0.13348918229428483,0.12704275815756294,Dec,1,0
2598,36.0,1038.2442437584245,0.008554868729375258,0.003925159863094037,Dec,3,0
2599,27.0,1541.820075634772,0.0026636097600363216,0.034107404469591956,May,2,1
2600,342.0,29024.79641107377,0.042401764443843616,0.0871075061241429,May,5,0
2601,56.0,1968.1012012434785,0.0030877006961205363,0.02377590708228344,May,4,0
2602,441.0,8733.614822088033,0.13833872383227613,0.010116519003504253,Jul,6,1
2603,40.0,2832.093009391107,0.011280891981150332,0.028988122466611685,Aug,2,0
2604,608.0,14166.58505682709,0.02411173880738323,0.1835981308350241,May,5,1
2605,42.0,1714.7088568457714,0.005414384515363168,0.0934825539304507,May,1,0
2606,554.0,24382.161628713653,0.12236478745082492,0.1786424571055678,Feb,2,0
2607,155.0,7421.560564139331,0.15239966173124678,0.02167784312816263,Aug,7,1
2608,1.0,1572.486200475811,0.02002422827733375,0.04106143058448158,Nov,1,0
2609,399.0,17954.808370660634,0.10636200009306597,0.19157312987123962,Sep,2,0
2610,306.0,6365.591637300034,0.1424259150666781,0.15076596654909655,Nov,2,0
2611,289.0,39936.13684604771,0.16463257470700657,0.038387251475344226,May,5,1
2612,225.0,5398.127613510761,0.04631140737176521,0.006848892586216518,Oct,7,1
2613,74.0,15836.868845946356,0.06273172168131828,0.0902219289568556,Oct,6,0
2614,619.0,8286.686317916487,0.17829334275009026,0.15135436316365655,Nov,6,1
2615,34.0,21562.236815504508,0.012679239824328978,0.0427604463366463,Nov,2,0
2616,592.0,4885.887531110178,0.0725500689256538,0.04362447243181349,Dec,7,0
2617,36.0,1038.422573119847,0.005823972156216826,0.010918071767848972,Nov,2,1
2618,434.0,37810.64582319848,0.03714908882631511,0.17686900448960363,Feb,2,0
2619,417.0,2103.4143127065836,0.1212071489209059,0.05570712418931492,Sep,2,0
2620,35.0,1834.5102223254155,0.011846552537389038,0.0049247771781922136,Sep,2,1
2621,154.0,13138.829532996859,0.17655214430378766,0.10719873241901513,Feb,7,1
2622,75.0,5093.288423783235,0.007746431603481359,0.006658740986978281,May,3,0
2623,10.0,440.8866734415137,0.029882284472064213,0.017258955261402864,Mar,2,0
2624,21.0,814.4658219320119,0.002122476506289024,0.050676948950273595,Oct,2,1
2625,32.0,1775.2127863807516,0.01871360134935601,0.021105580251643136,Dec,1,0
2626,180.0,3003.6345613362423,0.0004184182576644835,0.004592241680958194,Dec,8,0
2627,595.0,29206.3244202499,0.15556090773348397,0.1937590433926338,May,5,0
2628,674.0,21583.487883798924,0.0869892435636582,0.1866913730064222,Aug,4,0
2629,197.0,34496.82873077722,0.11143562761999826,0.08153633604187951,Nov,2,0
2630,30.0,1785.098460941535,0.041396569295295185,0.02886705621831275,Feb,2,0
2631,266.0,5829.368495653539,0.004962328198621304,0.04577770325195579,Sep,1,1
2632,128.0,23343.01255526756,0.15113576475589982,0.08849483433547932,May,4,0
2633,366.0,2195.972873812605,0.08243581158846817,0.18858254237175692,Dec,3,0
2634,316.0,6908.674430900959,0.06683450875804489,0.13296564529666485,May,8,0
2635,44.0,30274.821093001014,0.033510384991803616,0.07603656622857313,Dec,2,0
2636,28.0,33794.04726167419,0.1320334483937476,0.06258651561962045,Nov,2,0
2637,8.0,2154.119506136668,0.013195589471996476,0.058445703222579234,Nov,4,1
2638,109.0,19198.039748189527,0.03185186855529097,0.14251036787012386,Jul,7,1
2639,7.0,1194.6308405554482,0.0007556982943382866,0.01377545123595385,May,3,0
2640,412.0,35738.44059562877,0.10659139849351454,0.09340817206889719,Oct,3,0
2641,80.0,1502.7825645841572,0.008603782269796724,0.019148988371047768,Dec,2,0
2642,283.0,30268.18913002074,0.1393266287432194,0.09054355130081512,Sep,3,0
2643,218.0,30626.390457013455,0.03482671044321171,0.19612752070344885,Aug,2,0
2644,74.0,168.1020575794599,0.0007605989168483963,0.09016247099806013,May,4,0
2645,671.0,28909.099479372788,0.1762802128757745,0.009545485531866491,Aug,4,1
2646,178.0,26117.346603976257,0.10010486275616212,0.16026114147615006,Dec,1,0
2647,200.0,33539.6449493952,0.07541981433934522,0.1518671128735953,Nov,2,0
2648,35.0,31858.689528489307,0.12632630143041693,0.10732774927636478,Jul,2,1
2649,59.0,36493.99939224389,0.17633676640373835,0.16402049818437886,Dec,2,1
2650,640.0,23605.57764528495,0.12166907714706433,0.011042676018131853,May,2,1
2651,18.0,32328.65718376775,0.0799467420060553,0.08769245641209966,Oct,1,0
2652,202.0,3243.6328689765023,0.11051425325195173,0.061302587691729166,Oct,4,1
2653,458.0,26965.58071863941,0.08010760095330695,0.06910493904281288,Oct,2,0
2654,257.0,24333.23567679764,0.0548052966394319,0.19802113803179236,Sep,3,0
2655,45.0,174.30908421196528,0.010074028135306442,0.021018137971348664,Aug,1,0
2656,241.0,11650.02060725219,0.15502544170899396,0.17411103867640132,Sep,1,1
2657,306.0,31042.324563408358,0.07527141316289665,0.05069506527802756,May,7,0
2658,247.0,6275.706096624339,0.03458913555895329,0.07272270247730811,Feb,2,0
2659,87.0,1743.1291598649773,0.0022963533485547125,0.01878902577511071,Nov,1,0
2660,223.0,1640.2555453098341,0.0946101560348649,0.009461101143554017,Oct,4,0
2661,206.0,42836.09864672289,0.16361779126507486,0.03975048795630506,Dec,5,1
2662,388.0,33976.26528960346,0.18462158018906336,0.13483794202930988,Feb,1,0
2663,9.0,793.7990067516557,0.004034387824937846,0.005623304165347389,Mar,2,1
2664,4.0,333.65727660865605,0.02270197161999636,0.054575535609144736,Nov,2,0
2665,122.0,13259.569293768443,0.13240663977035413,0.1684744898777374,Dec,1,1
2666,327.0,3062.891827513882,0.10973708044905058,0.09467770023145619,May,5,1
2667,11.0,966.752015133391,0.030128797878173623,0.04542920972572518,Nov,3,0
2668,354.0,38850.7675682905,0.0865886805502014,0.08547125944116524,June,3,1
2669,61.0,2214.672096823434,0.002340804690026793,0.037418462100332193,Dec,8,0
2670,79.0,3993.674454961857,0.1625419224531577,0.009289155257276912,Dec,5,0
2671,457.0,31820.576179206168,0.036416720685099366,0.1772910807197254,Jul,6,1
2672,323.0,37966.60991210853,0.0035188300147092574,0.012265414472847704,Feb,4,0
2673,215.0,6984.565779130814,0.1816292767697585,0.15838227994070894,Oct,2,0
2674,137.0,20094.469572463186,0.13542489084097592,0.03015774948575582,Feb,3,0
2675,0.0,38049.61969004471,0.113567080357283,0.10636530710894185,Oct,1,0
2676,460.0,13879.523335083088,0.06522818582922041,0.13144920475279448,Jul,6,1
2677,239.0,6464.90966105221,0.07148009418614042,0.04325207712055567,Jul,6,0
2678,116.0,4361.600253331975,0.0021515953958408576,0.023039717855702684,Nov,2,0
2679,3.0,79.75826074534812,0.00804074427697356,0.026374775976043437,Dec,1,1
2680,455.0,4569.230330630848,0.03227353132487362,0.006659074151265006,Mar,4,0
2681,250.0,21379.35765317564,0.14754185207836487,0.16634900447282802,Dec,5,0
2682,19.0,35501.77799154856,0.1352700671364586,0.1107386409048979,Sep,2,0
2683,561.0,1350.3697262304395,0.14232686187639298,0.06306186196246427,Jul,6,0
2684,21.0,2290.660437784529,0.005385481250836425,0.028457908908594808,May,2,0
2685,207.0,24707.831686218797,0.10699953256861,0.08664929002577348,Dec,2,0
2686,107.0,4280.333511837234,0.035861938576337835,0.026721009550908392,Nov,2,1
2687,614.0,26994.29533612979,0.023382809730769404,0.0409640324705692,Sep,5,0
2688,617.0,25158.877085662993,0.12728583964793824,0.12665426589542333,Mar,7,0
2689,457.0,38459.10099727992,0.03888751717924298,0.18138284642273128,June,8,0
2690,117.0,21741.428325643807,0.11604789653027987,0.04399994912183572,Dec,2,0
2691,1.0,1354.897902010938,0.09454519872123948,0.04098383249184401,May,2,0
2692,558.0,14692.742313663204,0.09143739478279843,0.030845792874068696,Dec,1,0
2693,618.0,14925.891399895972,0.15039040325726152,0.1781427116894267,Oct,7,1
2694,340.0,31386.258966878973,0.04639681441761066,0.12759461215152895,Mar,7,0
2695,21.0,2657.247259057763,0.025318548086312825,0.024446073613297786,May,1,0
2696,228.0,28057.400782760884,0.1075924298976383,0.012150219295276243,May,5,0
2697,454.0,8526.650306408676,0.09814513341411205,0.06427669111054714,Nov,7,1
2698,10.0,4754.484681967284,0.0031207266492844564,0.008314646180952697,Nov,6,1
2699,249.0,15023.660050917826,0.05775364255615438,0.016669091834694793,Dec,3,1
2700,252.0,12782.742433712403,0.07947433484723765,0.04003633962386091,Mar,3,0
2701,56.0,5228.5697384547775,0.021888016255504288,0.15256188577903468,Oct,6,1
2702,36.0,2818.1213816472227,0.002202848949549122,0.004293464473913527,Jul,3,0
2703,576.0,1840.290844064534,0.12261871376372692,0.17232036903566725,Aug,4,1
2704,399.0,36166.25178462369,0.025860883331097373,0.0008779468837025044,Feb,1,0
2705,3.0,523.6180758708553,0.011119004074011268,0.010247866212870762,Nov,3,1
2706,13.0,805.595254816046,0.04446754478825221,0.052776929418814525,Dec,3,0
2707,13.0,332.15907494002005,0.008845133842610915,0.015273761779047795,Mar,3,0
2708,81.0,14716.5374249249,0.058475921839663755,0.16920008945005394,Nov,2,1
2709,42.0,11840.543743161954,0.11700342786857676,0.19451399887085036,May,2,0
2710,80.0,22717.95301818444,0.0784652864389545,0.09299813935103227,May,3,0
2711,26.0,2777.9756506986964,0.005300032837478609,0.010164898193382278,May,3,0
2712,35.0,1762.4906993475015,0.01092374365615287,0.0008912492190562012,Dec,1,1
2713,30.0,2562.7666562127856,0.009243440971746371,0.012830421520748194,Dec,4,1
2714,2.0,17.536494718289592,0.01102018686884303,0.008771794348743454,Dec,1,0
2715,167.0,12479.000512028191,0.05825586811797016,0.1885736843475657,Mar,3,0
2716,332.0,13765.327661302254,0.13034101576428475,0.03162069218905951,Dec,3,0
2717,478.0,31625.329750533743,0.01230732386940726,0.06664893860991947,Sep,5,1
2718,33.0,739.3969617013694,0.007276194042781644,0.007981359164349512,Mar,2,1
2719,264.0,26243.77071718984,0.06166468059789786,0.021765875570653397,Mar,3,0
2720,188.0,20267.276806629834,0.1709262363044596,0.15650223734701904,May,6,1
2721,5.0,1509.1475252897317,2.800662975697588e-05,0.024255231876245995,Mar,3,0
2722,49.0,318.328533170297,0.0018966968417506477,0.031031628203143213,May,3,0
2723,80.0,34667.86358362751,0.020270897540171737,0.06244727238342803,Oct,1,1
2724,611.0,37889.04497981299,0.09110100322136071,0.18562168023295444,Feb,4,1
2725,664.0,22815.334712262927,0.09592118627735692,0.1235146988489391,Feb,4,0
2726,77.0,1150.0576304755161,0.02302887895409917,0.007561842850052152,Mar,1,0
2727,322.0,38813.2598376682,0.18220177838553372,0.11502364925263109,Nov,3,0
2728,363.0,13078.697860433356,0.08461656586340115,0.19121022477021454,Mar,7,1
2729,687.0,33162.87421303007,0.01761863887958125,0.177919373011091,May,8,0
2730,36.0,601.7712534376617,0.006109653499597429,0.028614750435993954,May,2,0
2731,240.0,33603.04999893831,0.01243781892685523,0.04078269504255136,Oct,1,0
2732,44.0,431.4085134817251,0.18768780799881876,0.18994089134373168,Nov,2,0
2733,310.0,25630.89523662884,0.05740298533790621,0.010899732190466305,Mar,2,1
2734,131.0,15062.896252630017,0.14107438054491211,0.18747964330664518,Feb,3,0
2735,38.0,1994.9727274941617,0.022204922623420303,0.04331275960939907,May,1,0
2736,18.0,2038.3611231144212,0.010742980245093164,0.01823918464422421,May,1,0
2737,557.0,29115.72598125153,0.051870044491915714,0.15598680059335543,Mar,1,0
2738,8.0,3751.0554764501812,0.016216127906364265,0.03249202363193022,Oct,3,0
2739,135.0,632.0482337487198,0.047162168833342726,0.13583248509401902,June,4,0
2740,96.0,38160.42760832312,0.0020454220197626493,0.0012258944673384509,Nov,2,1
2741,446.0,27784.74024594491,0.030854587671059037,0.0014344151946994884,May,2,1
2742,2.0,1795.7740245146817,0.013033147913875881,0.020328481495825508,May,2,0
2743,629.0,9012.634003389829,0.009261115123195121,0.04010136564524057,Sep,7,0
2744,467.0,37370.1175478549,0.01158381696333072,0.1980819262546744,May,4,0
2745,31.0,565.8899317923463,0.0032321669568226674,0.016963392747474326,Mar,2,0
2746,57.0,1420.2605423132118,0.011379439793012527,2.3933329850215717e-05,Nov,2,0
2747,133.0,1732.9333629881219,0.15363115971960453,0.01988634950509776,Dec,2,0
2748,28.0,2074.935028415209,0.006541363940497072,0.02176642670054811,May,2,0
2749,250.0,8141.24274717379,0.029392744132390455,0.11967556419669866,Sep,1,0
2750,5.0,605.0616045398806,0.011985200921850764,0.012315158185181675,Nov,2,1
2751,7.0,1072.748169125643,0.011130198796893748,0.0073695302944980935,May,1,0
2752,68.0,38474.67496395837,0.013899563345793743,0.029984277942395977,May,2,1
2753,15.0,94.45778641208238,0.004898583937953217,0.006122580371954074,May,3,0
2754,153.0,20419.71420636866,0.04112259183246417,0.18976105794621562,Aug,8,0
2755,58.0,284.10024886803643,0.0007865964778817485,0.025551993932189307,Mar,1,0
2756,623.0,8043.9480962791495,0.18090767638912497,0.0069223482172784566,Nov,1,0
2757,34.0,9598.955008038545,0.11475970245398005,0.0950772300294921,Mar,3,0
2758,248.0,5746.3715810542935,0.11287862393957916,0.08543283965526163,Jul,6,0
2759,325.0,40034.79699906319,0.16359497559612388,0.12016544924034633,Dec,6,1
2760,21.0,13.186572779755357,0.002685770703621769,0.09165423043062769,Dec,1,1
2761,584.0,34110.464816582884,0.010506734350832873,0.1480314842870326,June,7,1
2762,62.0,566.3339457791105,0.0027048301892395963,0.0013467707409708146,Oct,4,0
2763,652.0,8391.51978718593,0.04846531498163681,0.11477817571029762,June,8,1
2764,9.0,37065.15286450775,0.1490470597707272,0.16276312335563292,Feb,7,0
2765,13.0,435.8155168357854,0.005069329480968798,0.013200894309145377,Nov,1,1
2766,24.0,222.05879201354495,0.01027019436585381,0.004404902516341804,Mar,2,0
2767,26.0,1405.3241503695688,0.001897610073209603,0.04498765493593587,Nov,2,0
2768,12.0,1729.488476578502,0.040390091104466626,0.0791488601518094,May,3,0
2769,363.0,23469.28169093422,0.1253385529438614,0.16139795104627905,June,3,1
2770,628.0,11355.122460473678,0.0825041335627648,0.190812554298819,Feb,5,0
2771,80.0,15793.113403582312,0.129350259798437,0.06855651022354536,Oct,4,0
2772,619.0,37268.882174573846,0.14119274493136066,0.1035575914009818,Oct,7,0
2773,117.0,30264.45250044955,0.13179711773604527,0.06142976041842886,Jul,7,1
2774,39.0,151.98363438625384,0.018893809214984313,0.03718052808607018,Oct,2,0
2775,631.0,28940.54884109092,0.023928037043679715,0.05138321280781177,Dec,2,0
2776,37.0,81.2173812160501,0.18893968403532552,0.10893571202526058,Dec,1,0
2777,114.0,4331.0408679698885,0.03478229084959565,0.013432367468109599,Sep,2,0
2778,390.0,6977.361845314804,0.1037377305260313,0.12651207941724127,Aug,7,0
2779,458.0,35793.41566515132,0.06181664467148398,0.04563196747501727,Mar,4,1
2780,85.0,11879.730367703214,0.11745649526036837,0.07800109787743718,Dec,2,0
2781,41.0,1552.2131463646713,0.007504917829987393,0.02614884429602938,Nov,2,0
2782,3.0,124.37893032175225,0.005904907355348551,0.021576344252981383,Nov,3,0
2783,452.0,34616.54057696642,0.08361789854354544,0.051640229931567486,Nov,7,0
2784,603.0,16628.246002524913,0.029042629444891832,0.18198670630241817,Dec,7,1
2785,554.0,22334.161042287484,0.05158117759599788,0.0945735707175863,Dec,1,0
2786,19.0,597.047307729364,0.004041169117099681,0.025720619886068496,May,1,0
2787,136.0,2744.934328252032,0.18430790592277346,0.17305900183728304,Aug,4,1
2788,7.0,1801.218826856949,0.008830177293540872,0.023062322088329472,Nov,3,0
2789,305.0,12451.971461838006,0.19504834465878307,0.1900380116029715,Nov,3,0
2790,298.0,26902.82890069351,0.06073234986406241,0.007898578626760928,Nov,4,0
2791,606.0,37553.95976147437,0.09113302239223836,0.015926365621690742,Aug,7,1
2792,263.0,23029.28141460622,0.11063023231802177,0.07347677964455997,Oct,6,1
2793,689.0,39927.980482042076,0.025613669113030348,0.17894434434538012,Oct,3,0
2794,32.0,621.2477492895434,0.02094111446053007,0.03194553301098559,Nov,2,1
2795,50.0,1948.036836290664,0.0027265813560528773,0.004438434440887135,May,2,1
2796,432.0,27978.376094647712,0.15785741327687053,0.072620385019159,Nov,3,0
2797,629.0,10472.182424354314,0.12224448532898004,0.011850640525208535,Jul,3,0
2798,24.0,1095.2995899226912,0.0020918532929386393,0.05152873560783005,Nov,2,0
2799,58.0,14847.072820744173,0.19262706216286496,0.12804413079454433,June,1,0
2800,20.0,23561.806690156765,0.014323938283542144,0.017849603988618977,Mar,1,0
2801,14.0,2463.302216920842,0.025982078138181392,0.04741043707948921,Mar,2,0
2802,587.0,38507.44294351879,0.061820475836753666,0.09453583438171247,Jul,7,1
2803,83.0,947.8179633766331,0.02337086959603929,0.03936508309169774,May,3,0
2804,244.0,30177.517254576775,0.061093078234044945,0.19667238832388978,May,6,1
2805,29.0,1504.1190330531194,0.012682815230721036,0.03389996901905909,May,1,0
2806,18.0,2626.7280372123505,0.0209120941845624,0.031214581802677013,Aug,3,0
2807,112.0,18208.658551824996,0.07509313271822636,0.001374040127992875,Sep,1,0
2808,48.0,12523.425734024337,0.032060372054617675,0.1718727144046093,June,2,1
2809,8.0,2136.4960792312104,0.007266660018214932,0.01518956567137109,Mar,2,0
2810,462.0,6406.948846767019,0.10463610901947687,0.04451620888346173,Dec,2,0
2811,44.0,1418.7976420069667,0.007287476227401689,0.0014514350225643647,Nov,4,0
2812,54.0,10210.362025655617,0.019551059662789163,0.03706074385288115,Oct,4,0
2813,598.0,30149.076075324174,0.1544707416226113,0.19887280483276618,Aug,7,1
2814,58.0,19669.417909652373,0.13421883111241023,0.07751655514463386,Feb,8,1
2815,8.0,864.5938544866464,0.07670706949638605,0.1957668069110035,Jul,3,0
2816,203.0,15482.152565358698,0.10930558048684877,0.07720966336754466,Oct,1,0
2817,86.0,2590.209625590019,0.16663166401345011,0.0007398187158350167,Nov,1,0
2818,344.0,2191.210159039019,0.03476534270967026,0.061514770890399084,May,2,0
2819,197.0,38414.631012998114,0.08182811311632973,0.0034312596335917952,Feb,2,0
2820,265.0,11988.805811273545,0.15299744264541298,0.10594803984339124,Sep,3,0
2821,38.0,2215.5805278101316,0.03219653724458584,0.06087790603452523,Dec,2,0
2822,44.0,1513.431820428002,0.043033899654975345,0.07277592600509632,May,1,0
2823,77.0,12488.835935556119,0.1647179752589597,0.06635918064936412,Sep,3,0
2824,168.0,8949.55933496891,0.13857756421864295,0.06790229467909539,Sep,2,0
2825,39.0,15435.72097728298,0.09828954794839413,0.10008407847667598,Mar,3,0
2826,35.0,2471.5469581316106,0.007232362802202639,0.02266158861077085,June,8,0
2827,41.0,1083.5855217119285,0.010223323260427995,0.07689390255971175,May,1,0
2828,31.0,1312.5584600485824,0.007027882688420296,0.02854494329460131,Aug,1,0
2829,2.0,1191.8769165615681,0.00939221151708779,0.036735204186471825,Aug,1,0
2830,366.0,1502.4374932280639,0.17548407594652102,0.1530720186951898,May,5,1
2831,188.0,4974.608645018507,0.05672917098467283,0.19290164907427454,Jul,5,0
2832,696.0,32222.070012790202,0.1750703907375192,0.10518776254774861,Nov,4,1
2833,98.0,42261.454682546486,0.12402619241012885,0.02266523227356211,Feb,3,0
2834,4.0,25024.167033028833,0.09196717731346185,0.09077627717707848,May,2,0
2835,79.0,42.06013467116635,0.011998954052255517,0.05451497016346502,Mar,1,1
2836,39.0,29725.56661274047,0.03514645919789703,0.0787402565389526,Mar,2,0
2837,696.0,25710.613416033753,0.17020809570195822,0.0035684478562599733,Nov,4,0
2838,5.0,12298.939026985783,0.17345483185098257,0.13803342647345954,Aug,3,1
2839,303.0,39289.244276837475,0.17146081948184538,0.16444016250493176,May,7,0
2840,2.0,1853.502368686104,0.18913090514765205,0.19910643923973412,Nov,2,0
2841,645.0,15911.667080645257,0.14649446740274136,0.09374262777954677,Jul,8,0
2842,358.0,10524.807943277905,0.05189125797169652,0.12692049554512752,Aug,4,0
2843,67.0,4507.743455125332,0.02629154751451282,0.09532955801904713,May,4,1
2844,590.0,24846.407798428936,0.09474330482240953,0.0390565707108115,Jul,5,1
2845,492.0,168.01173952455113,0.16455123032024743,0.12407271735289134,Aug,7,0
2846,2.0,1029.488867746598,0.10955671793456191,0.10093427251867418,Jul,8,0
2847,295.0,30358.65780482226,0.1384171850516662,0.15530342869354907,Mar,1,0
2848,173.0,14529.593373546917,0.02037682769524471,0.10509329439706976,Oct,8,0
2849,300.0,40584.875359252845,0.13436739040442783,0.15994276480137534,Dec,5,1
2850,139.0,5385.01378250417,0.01305002045716398,0.02204977838767409,Nov,2,0
2851,83.0,18952.44969416226,0.08339949630374663,0.15764224437069468,Nov,2,1
2852,343.0,4204.12656085612,0.11259238281230852,0.14942850220158815,Oct,3,0
2853,9.0,2822.044247012568,0.0002494656027180368,0.018593974623940444,Mar,2,1
2854,132.0,32387.865489728407,0.1328426542050516,0.1847931235636984,May,2,0
2855,364.0,18268.714807549863,0.1631200311420727,0.06685866747312523,Feb,3,0
2856,191.0,2662.0122416930244,0.006610363957962382,0.05557718555220882,Oct,3,0
2857,13.0,2184.973442390625,0.0014720422606930347,0.0352690526801481,Nov,2,0
2858,225.0,34810.64449752692,0.07746596891325108,0.14705222005076155,Sep,2,0
2859,196.0,27965.401395621582,0.10114623341787071,0.1809538637736459,Aug,6,1
2860,586.0,22352.264211360038,0.17828567074634025,0.1348009796440743,Jul,7,1
2861,404.0,240.7698629160102,0.17264103965285485,0.17355418614121482,Nov,8,0
2862,14.0,537.0794598947597,0.011147376858118587,0.011412392978014827,Jul,4,1
2863,28.0,1107.481963300685,0.003870706672943887,0.024357261128588735,May,2,0
2864,318.0,3851.237003114537,0.1096577224297295,0.09970741351659669,May,5,0
2865,276.0,28789.57157921939,0.12181886786346038,0.02754198058446069,Aug,3,0
2866,97.0,24588.427027819223,0.12279095767291244,0.17349607764080574,Feb,3,0
2867,553.0,36785.13122673776,0.18822578001198137,0.045186843350737756,Mar,4,1
